5000000000000000000
7001300000000000000
7002300000000000000
7002180000000000000
7001600000000000000
7001250000000000000
7002120000000000000
7001330000000000000
7002240000000000000
7002350000000000000
7001430000000000000
1234567899876543210
7001390000000000000
7002338000000000000
7000500000000000000
7002342000000000000
7001340000000000000
7002210000000000000
7001480000000000000
7001280000000000000
7001260000000000000
7002330000000000000
7001350000000000000
7001120000000000000
7001450000000000000
1234567891011121314
7001500000000000000
7001520000000000000
7002345000000000000
7002355000000000000
7002340000000000000
7002344000000000000
7002336000000000000
7002356000000000000
7000900000000000000
7002212000000000000
7000600000000000000
7002320000000000000
7002353000000000000
7001800000000000000
7001100000000000000
7002329000000000000
7002328000000000000
7000300000000000000
7001560000000000000
7002206000000000000
7002348000000000000
7000400000000000000
7001270000000000000
7001240000000000000
7002140000000000000
7002343000000000000
7001180000000000000
7002270000000000000
7001510000000000000
7000800000000000000
7000100000000000000
7001540000000000000
7002359000000000000
7002357000000000000
7001220000000000000
7001360000000000000
7002349000000000000
7002339000000000000
7001210000000000000
7001370000000000000
7002347000000000000
7002220000000000000
7001420000000000000
7002205000000000000
7002196000000000000
7002288000000000000
7002203000000000000
7002352000000000000
7002221000000000000
7002311000000000000
7002333000000000000
7002351000000000000
7001580000000000000
7002162000000000000
7001530000000000000
7002195000000000000
7001550000000000000
7001400000000000000
7002164000000000000
7002200000000000000
7001310000000000000
7002199000000000000
7001110000000000000
7001290000000000000
7002204000000000000
7002346000000000000
1234567890123456789
7002354000000000000
7002197000000000000
7002290000000000000
7001720000000000000
7001190000000000000
7001140000000000000
7001490000000000000
0123456789876543210
7002154000000000000
7001590000000000000
7002226000000000000
7002191000000000000
7000200000000000000
7001200000000000000
7002277000000000000
7000700000000000000
7001440000000000000
7001170000000000000
7002100000000000000
7001660000000000000
7002315000000000000
7001960000000000000
7002229000000000000
7001160000000000000
7002149000000000000
7002334000000000000
7002209000000000000
7001740000000000000
7002224000000000000
7002192000000000000
7001150000000000000
7002135000000000000
7002150000000000000
7002151000000000000
7001970000000000000
7002183000000000000
7002337000000000000
7002194000000000000
7001930000000000000
7002174000000000000
7002208000000000000
7001890000000000000
2787100010093577400
7002207000000000000
7002255000000000000
1880617170027272637
7002292000000000000
7002319000000000000
7002123000000000000
7001670000000000000
7002325000000000000
7001380000000000000
7002111000000000000
7003501900000000000
7001130000000000000
7001820000000000000
7002358000000000000
7004104720000000000
7001980000000000000
7002160000000000000
1880411100137415417
7002137000000000000
7905280165885591882
0105263973186452456
0830830830832206026
7002147000000000000
7002141000000000000
7002341000000000000
7002193000000000000
0853125650342801800
7002236000000000000
7002289000000000000
7002122000000000000
7002158000000000000
7001460000000000000
7002216000000000000
1357908642123456789
7001422000000000000
7002335000000000000
7002152000000000000
7002225000000000000
7002267000000000000
7002285000000000000
7002102000000000000
7001810000000000000
7001570000000000000
7002219000000000000
7001470000000000000
0929313968512061990
7002142000000000000
7001680000000000000
1234567891234567891
1234567891234567890
1363681890723394421
7003552800000000000
0235539510235539510
0809071492051474610
7002156000000000000
7004577650000000000
7002248000000000000
7002217000000000000
7002177000000000000
0557693300892722440
7002326000000000000
7003433300000000000
7001230000000000000
7002178000000000000
7001750000000000000
7001760000000000000
7001664000000000000
0874722243077253119
7001910000000000000
7002302000000000000
7002153000000000000
1123851210245618792
7001690000000000000
7002146000000000000
7001700000000000000
7001900000000000000
7002132000000000000
7002106000000000000
9223372036854775807
7002263000000000000
9937698199937614841
7002168000000000000
7002161000000000000
7002280000000000000
7002284000000000000
1130779258115011055
7002136000000000000
7001840000000000000
7002316000000000000
7002134000000000000
7002214000000000000
7002129000000000000
7001320000000000000
7002215000000000000
7001640000000000000
7002233000000000000
7002181000000000000
7002274000000000000
7002281000000000000
7002138000000000000
7001870000000000000
7001603000000000000
7002143000000000000
7002308000000000000
7003373800000000000
7001988000000000000
7003669600000000000
7004353750000000000
7003322300000000000
7001620000000000000
7003193600000000000
7004195080000000000
7002125000000000000
7003890200000000000
7003900000000000000
7006832314759000000
7003688000000000000
7004252260000000000
0022022103034003005
7002105000000000000
6138565745123456789
5622904541271521159
7004127290000000000
7003438200000000000
7003270100000000000
9632587410369852147
7003739600000000000
7002327000000000000
7001458000000000000
7002188000000000000
7005165893000000000
7001950000000000000
7004195650000000000
7003656100000000000
7001780000000000000
7004114480000000000
7003456800000000000
7003291500000000000
7002121000000000000
5464849114869681291
7004112860000000000
7002304000000000000
7001293000000000000
7003799400000000000
7002128000000000000
7004100580000000000
7003366200000000000
7001871000000000000
8501016237775610767
7004148020000000000
8436190151516192412
7003316300000000000
7003587100000000000
5765386200107506055
7003416400000000000
7004108180000000000
7004264030000000000
7001411000000000000
7003639900000000000
7001503000000000000
7003704600000000000
7003290000000000000
6100982180766345296
7003448200000000000
7006261973321000000
7003624300000000000
7001730000000000000
7001665000000000000
7004132600000000000
7003637800000000000
7001650000000000000
7003179200000000000
7006221979071000000
7003183900000000000
7002296000000000000
7001860000000000000
7004463720000000000
7002202000000000000
7410155106515120424
7002108000000000000
7001429000000000000
7003598900000000000
7002258000000000000
7004115700000000000
6681272754901017980
7004319610000000000
7002324000000000000
5418481033206505449
7001880000000000000
9638527410147258369
7001318000000000000
7004935325700000000
7878362335596589948
7002819000000000000
7006101357241000000
9202182602431779696
7003609400000000000
7005107784000000000
0073561668395996094
7004146630000000000
7002187000000000000
1101228076005161854
7002169000000000000
7003274900000000000
7002321000000000000
7005504780940000000
7003432800000000000
7003825400000000000
7001478000000000000
7003592100000000000
7004914397100000000
7004111930000000000
7003286300000000000
7001790000000000000
7004135940000000000
7004470550000000000
7003661300000000000
5420362508569957217
7004864159700000000
7001968000000000000
2353104919931895250
7003176300000000000
7002108700000000000
7003275200000000000
7002118000000000000
5685470126918335033
5473421527502171220
7001308000000000000
7001313000000000000
9212241672719617852
7004141960000000000
7003848200000000000
7003289000000000000
7004238960000000000
7002310000000000000
1991032013918552932
0002764295038003004
5522469277672278266
7004467664500000000
7005241904260000000
7002592000000000000
7004834960000000000
7003268600000000000
7410852096306467451
7004308720000000000
5478963210433716281
7003821600000000000
1793894983278307681
7004247860000000000
7002231000000000000
7005218200170000000
7004211550000000000
7001366000000000000
7005571790110000000
7002253000000000000
7004101020000000000
5006054717652796459
1524838001002001001
7004426410000000000
7002312000000000000
7418529639876543221
9876543210123654789
7004136090000000000
7002269000000000000
7002165000000000000
5964058059258085970
7005172924070000000
7004404430000000000
7003262400000000000
7001410000000000000
7003220200000000000
7005792875000000000
7003398800000000000
7001586000000000000
7002133000000000000
7005789745470000000
7003285300000000000
7003662400000000000
7004117670000000000
7002126000000000000
7002271000000000000
7960310961210159753
7003164700000000000
7003829000000000000
7001229000000000000
7004135730000000000
7004137730000000000
7001733000000000000
7004559810000000000
7004153880000000000
7004265458600000000
7001368009999900000
7002323000000000000
7003346500000000000
9006250751892561990
7004468270000000000
7001990000000000000
7003364500000000000
7006367452968000000
7001610000000000000
7002565000000000000
7003116400000000000
7001718000000000000
7001374000000000000
7003937800000000000
9908462745587035329
7002282000000000000
7003679700000000000
7003387300000000000
7002417000000000000
7002223000000000000
7003789400000000000
7004162280000000000
7004104930000000000
7001637000000000000
7002163000000000000
2121212121212121212
7004154800000000000
9405076020123456789
7001920000000000000
7001267000000000000
7003483600000000000
7006322484031000000
7004704468900000000
7004750820000000000
7003420300000000000
7003863000000000000
7004239850000000000
7003709300000000000
7002286000000000000
7001397000000000000
7002182000000000000
7001955000000000000
7004139840000000000
7003213000000000000
7004139100000000000
7003228100000000000
7005183224050000000
7004429837400000000
7003622600000000000
5141004750810426408
0019919872283935547
6317084217244255968
7003636600000000000
7006175071650000000
7003497300000000000
7003239900000000000
7002307000000000000
7004159900000000000
7003485200000000000
7001232000000000000
7003381100000000000
7003204800000000000
7001525000000000000
7002249000000000000
7003326400000000000
7002114100000000000
0226012009282977437
7001721009999900000
6772101195632534806
7004277980000000000
7001511000000000000
7003115100000000000
7003525200000000000
7003283900000000000
7001424000000000000
8168773131123456789
7777777777777777777
9403040293020963172
7002155000000000000
7001609000000000000
7003845800000000000
7002213000000000000
7001565000000000000
7004116120000000000
7004195740000000000
7002114000000000000
7004117590000000000
1234567896325874143
7001345000000000000
9874157412369741593
7002124000000000000
7004175310000000000
7004148720000000000
7002322000000000000
7002139000000000000
7001591000000000000
7003934100000000000
7002166000000000000
7002131000000000000
7003549100000000000
7004166960000000000
7004180320000000000
7001415000000000000
9309071155378726228
7004473896700000000
7003279700000000000
7002265000000000000
9503140569739541361
7003215900000000000
5493125209214788811
7002110000000000000
0011639595031738281
7003643100000000000
7004595070000000000
7001630000000000000
7002110200000000000
7002244000000000000
7001937000000000000
6973802398944939935
5374672101020203030
7004151850000000000
7003946800000000000
8975789757123456789
7003572700000000000
7003512700000000000
5125141656333593633
7002173000000000000
7005235625000000000
7005199045230000000
7002119000000000000
7003258600000000000
7002291000000000000
7003137500000000000
5854262267481415222
7002130000000000000
7004109020000000000
7002228000000000000
7002303000000000000
7006121740332000000
7003344300000000000
7002234000000000000
7005686568000000000
7002242000000000000
7002112000000000000
7005242755940000000
7005106372360000000
7001577000000000000
7002246000000000000
7005461901200000000
7003503600000000000
7003380700000000000
7002137100000000000
8543978715749457125
0000000000000000000
7006337240196000000
7003807000000000000
7002190000000000000
7002222000000000000
7004765189800000000
7004112190000000000
7001335000000000000
7003614400000000000
7002120400000000000
7002206700000000000
7001849000000000000
7002295000000000000
7003563400000000000
7002414000000000000
7222410331065583062
7003472000000000000
7003905100000000000
7004117030000000000
7004158970000000000
7001452000000000000
7003513100000000000
7005337597830000000
7004706740000000000
7004121850000000000
7003165300000000000
7003803400000000000
7004358350800000000
7004528301900000000
7003638700000000000
7002148000000000000
7002106500000000000
7002158900000000000
7003435100000000000
5155210531554205525
7004110150000000000
7002116000000000000
7004121150000000000
7001710000000000000
7003617500000000000
7003423900000000000
7002313000000000000
7004272270000000000
7005922650860000000
7002117000000000000
7004129130000000000
6364477500132797967
7001892000000000000
5251192108019841011
7004101520000000000
7003359400000000000
7004124790000000000
7001431000000000000
3239864631652970496
7002115000000000000
7004200800000000000
7002135800000000000
7001245000000000000
7001421000000000000
7004534730000000000
7005669982990000000
7002175000000000000
7003466700000000000
7001302000000000000
7004270990000000000
5416654107541118575
7004266057300000000
7005146597600000000
7003599000000000000
7274546709194588216
7003192000000000000
7001850000000000000
7003633400000000000
7003649300000000000
7002100500000000000
7002189000000000000
7002107000000000000
7003336300000000000
7003746500000000000
7004521219300000000
7006474091172000000
7003147000000000000
7004145440000000000
7004281130000000000
7003610500000000000
7004282950300000000
7004132380000000000
7003968400000000000
7001746009999900000
7005323431380000000
7001940000000000000
7001406000000000000
7002211000000000000
7003675000000000000
7004213270000000000
7001508000000000000
7002272000000000000
7004228150000000000
7002103000000000000
7003809500000000000
9350881853143433433
7003233400000000000
7006752389774000000
7004290936700000000
7001454000000000000
7003612400000000000
7004647012200000000
7002125800000000000
3214849901109015993
7003225700000000000
7004384740000000000
7002266000000000000
7003941700000000000
7002157000000000000
7005761266189900000
7005309994659900000
7004771800000000000
7001446000000000000
7001187000000000000
7004387460000000000
5411085501019288697
7003688400000000000
7003294200000000000
7002179000000000000
9004748339249859074
7002101000000000000
7001347000000000000
7003133300000000000
7002145000000000000
7004342420000000000
7006150853790000000
7004635110000000000
7003150900000000000
7002257600000000000
7002276000000000000
7003395000000000000
8205766007172487008
7002218000000000000
7003273200000000000
7002164300000000000
7004104660000000000
8858911578188219738
7001701009999900000
7001829000000000000
7005127498000000000
7005178192000000000
7005801163210000000
7004248320000000000
7002113000000000000
7895285214753691835
7003528900000000000
7002169700000000000
7003390400000000000
7004107900000000000
7005404051170000000
7005128735000000000
7001258000000000000
7539518524567418965
7003793200000000000
7001830000000000000
7004146888700000000
7003616800000000000
7002127000000000000
7001249000000000000
7001369000000000000
6271819123456789123
9876543210123456789
7004137650000000000
7003367200000000000
7003784000000000000
1088767999003003001
7004476990000000000
7004267160000000000
7004376070000000000
7002184000000000000
7003482200000000000
7003211000000000000
7002104000000000000
7003166600000000000
7005521490130000000
7004158670000000000
7005265828409999999
7002128190000099999
7003166000000000000
5525311940700047191
6328042269398319668
7002332000000000000
7002159000000000000
7001770000000000000
7001426000000000000
7001393009999900000
7001753000000000000
7004169290000000000
9876543211234567089
7002279000000000000
5050211017925311988
7001948000000000000
7004313410000000000
7004150560000000000
7003850700000000000
5349834534123456789
7003650100000000000
7004280160000000000
7002109000000000000
7002264000000000000
7001745000000000000
7003716500000000000
9402281903220406080
7004135040000000000
0607473401792520135
7002176000000000000
7003276300000000000
7003554975000000000
7003975400000000000
7001552000000000000
7005249561000000000
7003280400000000000
7003409600000000000
7004330490000000000
7004143670000000000
7003827100000000000
5110098794054271326
7001475000000000000
9841501061014289735
9106211502085714715
7002144000000000000
7004104940000000000
9010315775621457197
7002318000000000000
7002985000000000000
7004328607300000000
7005112512050000000
7004111640000000000
7004329500300000000
7819752241994102430
7937090363882171135
7001325000000000000
