12345678912345
11235813213455
11556654433221
00112233445566
12345678901234
12345671234567
24681012141618
01234567891011
13243546576879
52013145201314
94115609781401
01234567890123
42343594235359
91215225251521
99794431151290
88888888888888
21120006738026
90531943278526
35231283524897
17584817458951
59865695986569
54684784800775
66738514395923
01391012132193
24650502465050
71386117802460
00525526241882
14753691475369
86753098675309
14159265358979
25772784375737
66325498250398
64273416427341
41689165227622
11044241598523
78951233215987
12340832126136
20407992044427
53705795365952
02135469812265
14789631478963
00447960502215
27443652116724
20130200545920
14309215391661
71978374231536
91904235495535
53465595316358
02770281325513
64227466422746
39277053879889
28114932707617
18080879604698
87489419689744
44733568828033
50290398318066
50030142475052
30620053062068
32152700457336
02770280547811
22350898718824
66409166834891
84877894545143
07822244287973
98749868832881
38514733251829
16012207211007
15989632314789
49315479189520
45547082598795
01018798905050
17456063082534
77018547608393
19310876025891
32518182513125
12340816918372
62529366252936
75131663598742
71008436271930
52607925244733
61909266991491
27396041574331
45604504560450
83256432520520
77585217758521
12345678913795
01702012011029
23838016858470
27131013264595
07271225454533
19904894041290
20129009974158
47346473746979
35711383571138
13587654352345
77385318968542
48627531590010
54289315428931
09295537723656
31672650220885
19891620082009
65118166839441
51844894039793
64312974442563
71091797107730
00233246815103
23744704000123
32553403239630
00173472998188
08703114221113
95135745685520
86461862414118
43155645250782
08389401810637
19254246434156
94011388633011
19941477405500
09752374134646
22697196010692
08548316132532
08069328482537
94689567946464
23175486279226
53410793122593
17631536189006
09112374896621
19980496151491
02201105253334
45539284553928
11068919464817
08658550091234
25307946512268
78951231475369
05007001007001
85517028104248
19890221648192
20124005821369
12340836522276
25522410288477
08625660701323
38786152040116
11037003699888
52362035291678
47214664721466
18653523310376
18325371832537
01100180001987
52424125544001
04862531970211
69706531272241
32547803254780
08144454552516
21254565414741
27131006510053
27010517457768
82467532147931
05524288435524
20011992480002
02383125722439
25422081987616
28828902048163
80647883198427
58542265392708
00043459002941
12340859294024
01253316702007
12340802898652
22022010652707
07051991270523
03030330100011
00043456468762
46124454612445
49010530890716
35627083562708
41046447110907
06500819032822
23474004419735
02051209140401
12345678911111
28361242836124
25041982151981
31985503211911
42782932202014
09154345138123
98151380240482
21221013888174
08561426091005
21389005182987
60015196001519
15665341221082
35071153518316
12345678901788
23253225331617
36410439080550
91785729178572
56223478384476
55351465699039
16433737190250
44880094441225
01051821072002
65652116559826
14789658521835
20957027641391
46591504882262
58713825856010
00985263960152
94002323381175
25270814053164
45650999295471
19923091992310
56192425619242
08013708011994
08485528672533
20023789977428
12340847042436
78199478199422
01056581612055
60525856086896
27365232551419
02960303101807
12152251611811
55356697818583
69650831516077
44805603679103
06525307004030
09406182308789
11899002199777
44351956275123
45773755864106
17919782631358
25124212512421
48403175304938
00141523833443
54458694966037
18457203167726
21405014443259
69722949541234
09214746547041
31164584970402
00736685131368
18863936191187
55203662421992
87978797661661
56397268262742
00447772391526
12340806524493
01079119602435
25296644205209
64215906430191
58052106002279
12002363010586
22219920781212
08363032911150
52013141314520
22819903028825
23784221061992
76231638188092
90121123321123
71270006402222
24020056240684
65510952877255
88914171223560
55325675532567
01078200816130
34610843461084
09399511995309
62957216835187
50884790398143
24028011145169
00181296576832
12278027471134
22001000347072
25868582515569
67044054904499
79473147962899
30118989956496
19848558935710
08572347891703
79067716247528
27638883860884
08108002172808
24228292602972
12340891774059
72192577216992
73669668658436
53416357330587
96300404771110
50143624490516
31303033130303
66899456649924
21972069526726
59343673175410
59291995929199
57881616772823
49559448729232
71731627173162
05041984424018
40048679004637
36570543657054
09203646439822
93835491433900
34128453412845
35105363406072
79242235758831
13386018808422
56117455611902
58925903883070
54689335462399
05070723060533
00541145860468
27843258070169
01937048326533
14753697895123
02770280987078
05063028928337
45709724573117
59088655212385
41703554170355
01393208251279
05039952417625
92071655484767
16599001758277
23588652358417
15122777619233
23433888150293
62217156225214
12376651075630
25109057036830
13325366287400
00491606824154
09269828551123
34569456491300
74928728818829
00693215755126
95314050355572
26124292610243
50518135055669
12666693213025
77582581314258
57552755766984
08444713362533
00966562133031
42411723447858
08481605262211
35936463599946
13099007054013
12340840472340
17007032210484
12340855259658
14199120885214
23264005107821
15987533578951
97469087346021
53151557981822
21133050430473
08440614232539
03327933270102
78385697500120
18104170600123
00116495751228
25160410322799
59926476047942
91943233239491
09173557370213
12345678910112
12345678910111
02945716717000
05687923457866
14101206929341
16800299399177
09886796320819
13254802480383
27648439645194
15908541230854
25690922752327
00024111991000
50360801555063
94706674762783
29747924752185
38255364079337
10220850156959
20129011506600
01251488366666
23535062596883
09010746202873
22726094634746
21252745403447
15299003918492
15684325687731
82111817103015
08522550271856
14170192172006
08716030762532
00393298409505
12340869394172
81075904218990
25854092331867
34636803299439
15612142610526
32319703231970
17555781273006
14759633695741
53059765644442
52013016204974
04298641236987
53618315361831
52113149370090
57021461121161
41129041907622
97119307359161
21726130061992
01525551194448
72493857249385
75324638865375
43858329116315
23345232511934
28802080202436
19971123456789
29275241954324
20061400220676
78811131139657
00966509647013
18879133852456
24108312674852
53914025401979
31659054312148
17419926286290
50320200052529
04265879317018
21991204668768
54101025683215
26604412101994
22345000188634
12340859036617
29220865909640
22141191194721
31819927653412
64519456549154
01065443138888
21124001360828
15853207606077
28336734943048
16118139144518
23493647455405
06920622421357
51658169553322
23210119870014
33015025847207
19040828956855
14051988580412
98028593624855
01134619502898
62503066250306
11280867773631
09752841150673
81060200206018
21972066830535
90040580232216
40499128510232
56169005786078
12345615031985
19891577840887
48350830904707
45044084504408
48202008246053
48112211899573
00963115142288
45484192728419
01072738546012
62245319880202
43413773928034
23230810639929
00966508890407
08404227956310
71017672416734
12619911261991
65030362552607
76225595132685
22173001445179
15172301092526
56382167112039
23619865823215
21019822040937
47617924882006
46652034665203
61604936323365
23118818186490
01669479712169
98302703714965
45813197840607
20264680162988
28014016778184
09193453708436
29099526052242
21591062571789
08704124560281
33125236645856
77252744712186
56225425688548
02322322389781
12221225124222
18242105252629
24139000049492
08758523360000
65972202828021
42773640191184
09212016251083
96680259589983
42753864815926
25830477249165
79715136655607
00000001657246
08382942312323
02708220229335
07052163427544
91574210152551
01141520080109
25260114398653
71685187167384
90376090173894
34719563854281
00902582138099
18507464267348
76384150739451
00351919025868
58320132741717
17933845911689
02190128690057
00919879048104
19870317211987
31149305659051
36626514121088
20070207204476
56830667383745
00393478867581
98100309828193
07984760306306
09213514406123
22119962211996
00199191800000
28093292345298
08102727531306
02770284888402
17167637060183
00244923757099
23508001211130
31314865328529
12348408081979
99456919937762
79890117125402
24816325858866
53057275398623
33252654417798
36485213671159
15975324700654
00526461257348
85432729910417
80305777940568
27131006612743
71972757038802
14080838403746
72119746131972
62219850503687
12340876065270
00497254952932
05080906004748
00130013130637
22005511999944
01464100146410
08659868392534
67151904115204
23616047920123
25763145236521
00436648926631
08909899822007
08492424921144
88100569595312
22631071262051
09165619849531
09299229242118
44699434399945
89781247231102
62315857713621
89072918907291
27682202768220
02433677536148
24015152560186
02976458584265
19873194161987
23129525305574
10852839971990
26480122598399
44975574497557
35454763262199
63000123456789
64992129861697
09551551351702
33221516213374
19545161954516
51221811231019
13712005464032
29065013428180
13480633374123
19001900191191
21781006025290
45834379648378
56334906219880
02929013409110
25505045027093
64362636227333
27220258963147
22088005973754
25824813301254
01038384532211
13424013181509
59262131433922
19325313172524
19911224350240
00393338237224
05033065232002
14789531478925
25704214660823
28608632860863
71509350820460
96145809080212
13699631510545
01245440440789
08451024271703
86425992128789
09870868485657
08163252857134
19880326460025
08619076731479
09183719920918
13219921321992
32505001865560
13350151119813
74504437450443
05382927830123
01022609459318
12349900108732
00986246781985
19970833624270
15342675948600
08339929522009
25322052532205
94058209402986
00098095969060
91157145365525
00680598123054
10031031003103
56727204738067
28617412863725
75027665001302
12512536987444
08911777714848
71544067154406
22332762233281
85121412199203
69378739565245
78810417881041
93190843134744
59761637758521
58026725802672
52565854159753
62328211517411
87980895315624
88684584662213
19881988623915
55100355510035
50220101141587
80739398073939
83958898395889
99243667831211
52186295218629
51020053041973
86461628646162
50209505020950
74638415357598
76930317693031
13147401314740
65758282267336
84721745910925
72885255227452
19981311998131
57521768954352
65911527063554
67692926675969
95997249599724
53373203471910
56021765850432
19970504770880
94119143432264
57527465752746
11223211122321
68981977977461
74610596403323
77524087751147
19911251991125
19841031984103
77501923563313
13776466072706
79364651693265
77210437852744
66885626688562
85245695175300
09431932719435
96308520741000
60366699235662
19889201988920
62232641982118
80044078018690
94824219482421
75560426642414
52053052013141
04275415648058
26127242612724
84218648208865
97349152911742
19891161989116
85693256987658
69818672529011
87525079826913
93122953121205
80019888063669
79173507660060
86615007600055
79561804227596
74669319644713
19881225198866
23623462362346
19862271986227
96710319318006
19860802532535
58729448727682
64745206896311
19899181989918
76017292608478
82105336649885
71643608951275
19920913733983
52463975246397
77415369951753
62107112537172
24130818249387
52828915551906
13919899493521
55381855538185
28845452884545
83341360030929
87452125895610
14575211457521
60648580634299
77559966332288
97478364351980
92657354530365
23355132335513
23113272311327
05678106716692
84460989403157
79793627973128
27673303120290
60959557899787
97010169701016
85132465077890
97351459861497
60246905218682
62069704458183
55380355941985
61800466180046
54793325479332
77202273031978
79758547975854
85110544728194
26451002645100
63362976336297
54116385411638
55350244329433
61156595821931
65046051612198
53971552375397
63315966119488
79667057962463
88717887179462
74725180124816
19894221314520
53638332712181
13222221322222
65839326583932
87645320764820
55141865503355
98765432105555
51810635181063
55845068902713
91605030781188
24544551980218
79001137844615
93618071193618
36814398250708
62826224100806
68448996663358
52302465230246
59821268555222
82898555561325
64000896436254
59054002749460
57623935764503
13646881364688
50874715087471
64536786453678
63610236361023
65523193588475
67320156730159
86005123456789
19781161978116
89394450441125
87188728718872
42162541625333
68413238733119
65969604071982
52931795293179
90052916171819
52013141989920
80999998099999
50215833918438
28742132874213
71120395638216
53538115353811
82296608229660
60107596010759
52848255284825
20107717308714
19891091989109
53589245624042
59063265906326
51212352926737
76314247631424
88701033143212
51689287283926
53010105301010
50943905433757
94204769420476
61125346112534
19491011989129
54539940479123
61010710101510
69745677641994
78725896391269
97867564534231
56250005625000
52166789654123
24257207290196
19891230220101
94540307408700
58029105802910
91115215829634
97625819918456
50080201301212
55266482091715
92122902042006
29638232963823
86402008294727
69763459081992
52421533825024
81643814032530
61142621511316
50889202101897
99678859644530
19888271988827
19864111986411
65614096512216
53087215308721
52571155640664
71211192214119
20010178947500
77896654112321
19908281990828
78985204568520
19842161984216
85270277509210
54753762584166
58877254773160
93454656832526
52643735417714
65762396576239
23581321345589
88323140357987
11030000113666
52147896325191
09123534541171
52446415230424
94001259062186
53515145351514
54728085472631
50142755119562
19867141986714
14355508921119
19846291984629
78945612301992
21977002460560
61047103771896
71756417093178
08410515152646
70606789866321
40067795977266
59283095928309
77442277116644
78554827855482
42161794216170
83123868312358
55282858415641
81270098128424
19902211990221
58240965629947
03909103915252
56438936190796
54101433394282
77462372962445
54399847656546
61497277364731
63430086342411
17220894498022
78978945645658
19854201985420
00434494018555
19882191988219
67345312890199
55200223024226
34298224368117
65885682366326
69966922156266
19871261987126
56981695698160
73173892235225
62783816293923
63159417674858
58476598712300
50147575918445
51235125123512
19812151026719
19911201991120
64898952797547
76724507672450
64648508226948
37907933265127
19896135015304
60891027087534
84916208491620
56650515665051
68758700032120
91686051211574
19817141981714
55644046618992
52543456987123
58425715842571
84951628675342
65806688922313
49745232924102
87780861741078
67875886787588
50107119896294
03029645857595
59883197291193
19865251986525
87620192355946
53688835564645
27556662755666
80959707642520
94958489495848
77789800020506
59066095906609
55541723252573
77585212121241
08429101151686
93324019517473
96120039612003
52345860144441
56621984460071
56256345649395
95778509217401
84627951308462
98337579750304
13145211314521
89297020671010
92702689042055
55025364565802
97944279794427
88433845561012
62638919751379
71225827122582
52993839130319
63421721021969
73107277298303
14205502711111
78758467876596
85680788568078
25423833255185
19865231986523
53695305369530
19871201987120
55956705643626
63323902123321
97572219757221
58137032767212
51741868859950
14069263277925
25039119861215
69595966951610
79733777973377
28014017068916
57522745752274
97009559634234
70265256030204
55506025776999
69515996951462
69370138556937
70264987026498
73232226373462
72431571113940
53803585027427
65963086596308
84040816410507
66193806619380
56815465681546
86207409011994
95549679553310
67741314520111
01234567890147
19819891981989
67225926726054
74535587494065
59874618154514
61595201669112
58542625854262
54010969193492
79218747921874
52988703585905
23204942320494
61667658384209
18921317817833
52764844846725
54022165501906
14112008140304
51127335153880
80442726241985
56312995631299
77070167111184
74626747472674
19881511865150
96751229173217
90732427729411
94770703677450
57610352898935
74758237476725
60121126012112
89764068976406
80181858018185
19885102618282
58300213319462
96130190384527
62151440308011
19897311989731
67590875945688
77444557722558
19915435193903
90120473272482
19780629123456
95610839157794
90609662380107
65212666228100
62629714927226
61710605104230
99679929972591
97705679770567
66963066696306
57651168824286
73851337385133
51247899344283
75020235434165
72925062973940
62274399347226
55508164555081
87615459452140
19849261984926
13568919920428
74521007452100
63093896379824
99665004662059
68202496820249
51019875101987
58111001438787
85301478360185
88477648847764
53418133245017
11223344332211
56873762014150
95300640979906
56204008902531
68110566812245
71637137153090
60123539703000
90196513182431
29651602965283
58797215871452
52013145301314
22769016655270
87254918388505
52315115029008
05570097005064
78168748703891
92919916251991
56206344069590
77266187726618
92832169756713
73129331832144
76543217654321
19031988046045
51112101840917
88098504300190
58957485895748
19851291985129
80959584701992
81163941983720
51884127238511
00970597623277
21835072005076
72237007223800
71224809212531
86470078657755
00199198722839
56930535693010
95188409518840
27800123456789
81587241023617
59645244830951
78381829913634
20002438452468
19899201989920
19882181988218
58383385875852
99352269987841
25333159370249
65433786817896
52340775234077
11223341122334
51155236734509
50531306234519
85570288349533
20131008231443
56020807012239
75104307536047
54219005421900
74528286689681
90919598020305
62471358900313
28049222475356
84430877596391
75954568525153
55308420631007
61290000000000
74983000884960
57542825806021
80101349840114
65532797184620
55700613251723
82519884163133
90010430302020
66212394221170
78029355469697
54684645536502
86922001991714
54927224220139
52331235233123
19896221989622
76940057878110
57750605437597
58079255097623
87504618750461
88881698888169
88810058881005
72119885323671
61054516105451
63630665113851
71754261804941
26631432663143
64562747260914
52385803160873
88031811364643
19848281984828
19848111984811
78730818232656
64397079222717
92122009212200
15926301592630
53606115360611
65880356588035
59083405052679
53505385414813
66098156609815
19852141985214
56513964565147
19864191986419
65971004890283
87721828784766
87549685749685
99642495319906
69483708642432
74140844554323
95807909544415
78656138035210
84424594586902
53373746099311
89982332192389
61744603104219
19859161985916
67075473119433
50013426857460
03269055747165
69832424395017
19911171991117
19869241986924
31101101231106
54685575631986
78564404111228
28416332826112
55286175511992
19849019192525
57005201314666
92256729126043
59995387698700
19885210740025
55218733130032
62136136213613
85511238551123
57643919539961
77042717704271
86053187991193
62423586242358
98715275221087
23712689512103
50555042236965
54502145450819
85751475666052
88090620061311
19862281986228
76693747669374
56715571956233
74178534551105
19892281989228
67059528815221
04240009671801
19891119527668
84857617151515
58912457136101
67876309925452
23935302372839
77752912010146
58132995813299
76190487663625
53203935320393
95486539540250
55455325545532
93672729479976
13505043455123
13579111357911
83406958340695
19851151985115
69670911846967
88526358852635
20131018183603
55134225582887
65432121419911
56377795470189
13059225131415
76052744045141
28388772838877
63455354730272
63210706321070
74178965456321
94846112194936
19880722751124
62683118337314
55284690271234
79743897169759
67112856711285
19875281987528
91215225619208
60226016022601
84756253495864
82433005330320
45050839936103
23020162253939
99248448199328
78330469413103
15987532101470
19890915620510
71858254641147
66815576674059
95050718930123
52013140251314
55210635521063
52323068243800
19922161992216
58771245877124
49041053090453
95219129943697
52013147758258
66452296645229
19894141989414
23297152336983
13860852042135
98890597511641
73473717364248
87404368740436
19893121988324
14138211413821
66553715440452
55555109555215
59665615230200
51517793858573
82418238241823
66792616679261
95111239981903
86120811019853
19910331620810
56359755608365
69291116929111
56215812578909
14753697898521
00380663631090
50602342857188
52968945865326
13246091324609
96282929658415
19881017520530
52921857789928
75820696837225
25636532563653
74145696374123
66363286138233
23288008955761
00285293778638
98653469789159
85410928541092
53421765342176
66318086631808
73640424111655
87988601988822
68686836868683
52326998877410
12880817151752
98329379846664
19881081988108
50394455743130
19867181986718
81458578528148
58325015968721
82006111028790
72587254666686
58261115826111
19866181986618
23636602288827
75158920284262
91723859351661
52119873161314
88117116852871
19878291987829
85826453377514
76814356528620
88123298856244
08432502150329
22345004619592
11954968545738
80764063309139
88002211002266
50293105029310
73915047391504
64404714310912
11556651155665
87671988767198
78184473692567
95154603239206
06176811041988
93700899936839
00292219931012
19815291981529
59717067804382
73151613454978
55566995556699
55817972261290
72111856282857
19871221987122
19903191990319
56277057796917
54832003662924
69132306263177
71543258139687
22263975800144
66122646612264
19959519701018
19905241990524
90870489741206
88798298879829
19836175658380
56990129395062
57810816780698
91946187077274
11343598373233
56493355649335
77885202451786
85622568562256
14725819681212
67674312065792
94011446453213
63529356351116
77617819253617
65755262185385
77881977788197
87840896176137
19893191989319
50377776661613
53539336807410
99661939966193
57298540123456
50429156856235
77130447672761
13487866919132
19092516147258
82610298261029
90378349343839
71082285402237
19887231988723
23579811245753
84698468402799
60173594692363
94503101306123
82840008011545
19851141048866
98829475093783
65633421850410
19897191989719
64915217542451
84553528450248
19922201992220
23840006652789
57992485384580
58452013143344
53073945307394
53063654003351
74100147852963
35286971894558
82410268241026
19562211956221
51509999994032
56740099726507
54739045475053
75616222450410
63168366316836
26562442656244
21223027869158
19829181982918
59504791199016
51199567901782
90746283411005
61147226122264
19861986456456
56561615656161
87199424222301
53589793238462
91219932521990
85522918165063
51036465103646
61670425748331
89062708906270
08499811861237
79012559555146
82227545650002
76543211234567
65898544589856
27834562783456
87526798752679
90031129634911
56029712762893
89898898989889
59995365999536
52013144883631
66427183393670
19887131988310
76117787611778
52759185421277
99433743530626
81287857978785
71525357152535
20100722102100
70384135244991
99977047616144
59124625671690
89923274208995
28605082860508
75478264195894
19880611123456
66831086688466
50371218381992
96561118151002
96442409637430
93042913721422
81959900296451
19868111986811
56788725153505
58655886030609
50101020035073
81615553113684
15012119880119
19802281980228
80652965935136
95948114212230
99686056141206
82317508231750
18283848586878
68308226830822
58402486325373
75343237534323
63545096358231
56992176103581
54606622083859
25576832550837
26492562649253
99663311447700
75326487412369
09050521122007
68261181985412
91290904912007
09039005041991
87821168796105
80952746725616
64242356288566
52118032550009
97450853992169
69024556903803
20131022154752
51974253511992
96321479632147
19883211988321
56561235656123
98853159764751
52107644077394
53669712832713
51846521824863
54404485795111
96321478951357
80238868023886
19878221987822
55528706431491
51313795959667
71060627120465
52140015299357
77890212636967
70923689444253
18233152331880
67822780018783
68825696861739
80929524183359
19976663013162
96803639824744
52912105291210
66322426632242
66420866642086
50024219881227
90236541037337
19879211987921
19899111989911
74198586325236
55498352381992
53546145354614
72792047279204
59581795352713
89292111291986
65327966206894
13664769351666
50543014310861
66766515445734
91292123456789
54460255206445
26019982601998
58360525836052
50345125356186
50250359185414
57984815798481
72726249445607
82266208118383
94993336601636
82115348220321
91810913301286
83386628338662
77791346825000
62245266176233
70211667208115
19887251988725
51026245102624
66252706625270
18068111806811
82072525110500
66549422878150
66163636616363
30123752251993
78963217896321
19837261983726
13450430384000
53053045305304
24533608081986
88250094123697
54321067150040
54615362486957
13505581350558
19881241988124
19799131981318
83101122110138
19491011949101
52310806573268
66110261198921
63717086364415
19848520031653
87061514751387
55367525536752
78250796218885
19941073838438
62363913071876
77323177742095
01101979112695
88012952203265
55309219994578
79519752192688
80492218097350
94656981054972
30701000506050
85040588778626
00114477885522
26672312667231
83257174360145
69775169854706
59471275947127
87092858709285
97843065950122
25443659822009
66774766123789
56438036090143
58387172087734
13896891389689
55013396040108
16087554030382
56809915680991
15519831551983
87938989592481
99102620102620
57496024817120
64589846464812
19270623004004
99270859522344
83380841416635
61066171823654
72881085276774
21667068490086
67424627506577
56494685649468
19881253233464
20131023155459
08372328151058
81037355264525
66014636601463
52936607782255
96932535894100
71395407144760
19877101987710
88521330000803
85462588546258
66768449816463
69441579781992
92010804568005
69266476801202
55594175559417
85230843667941
21823001168517
95729576588043
10221233483357
80582049654537
13854957912007
63780256378025
55252525252525
61120051223258
76072583317259
63815298511615
34691103571406
56206445897800
71063448282071
61019786101978
60673456336445
73893125176821
64140776414077
54239415423941
19902222161128
92714679271467
68729604020772
95175356846458
52115118614302
54757552760748
19868291986829
73648472551648
24678782467878
54222325436616
74852005280010
19881141988114
53410410533422
50521835052183
71558147809921
15987896369101
79354977935497
93031007514914
19776161977616
95916221090806
55378156121529
55545195552830
92352423311151
76510425555460
97979879797987
85244518524451
91102410063123
51557985155798
51011345101134
55869025586902
19861161985818
76145567614556
56712314737725
57734382201088
61019696101969
77192694850336
24755712475571
96315246135264
79029854411976
11509167440162
57684625768462
51505845150584
95603149560314
69747932790830
80707408625366
86918985629400
94404805618966
55654531020480
97960789687075
80957179246590
63165186316518
89456852951753
92121452890753
78549987834577
74758873988155
77957434331204
92111893713935
56122072535308
81272659495248
53759616710441
92996916829683
82634068263406
98368041997225
86889968312332
19866121986612
83761805348393
80338460719842
75321597532159
52154896032771
85370831866552
80432328043232
19875181987518
92130559213055
19193651919365
64491317625361
50166805016680
64005146428377
19826181982618
97897450008359
65437946543794
80925207381294
97121519437130
03109323533146
19849105325552
19833181983318
55661093935762
91029102969045
55553030616116
95574165836487
71487893024973
69653236965323
52779147184896
89565895899216
14150617254893
51501114551524
72463307245717
74114904227120
00698637438946
19887281988728
79272235042663
23922785680170
80619975114892
22108051480614
54431505443150
61235577402242
19893254389300
77665544332211
88579862130088
89228922130485
86441628644162
55142235514223
93836685100674
95811968258400
78671575649003
71513239524693
81511226224500
74443219397201
19865143068344
52515065251151
74448944370562
91949517123456
46530685294022
61213632418422
55005555500555
83182158318215
14820051482005
82655055353815
62211206221120
93936623672367
63725932131681
98007727585987
98640891775957
73813177381317
79034686034686
41393754810930
13739763694000
54044214583286
51151100792530
92568559251998
59740486230982
90384676559440
15975345625845
86119178663395
65868666586873
79667034421124
73132709948610
55123845510733
00134110450745
53596875436958
08030619888310
66487329061993
48528598029182
77682124510404
66453107842075
20945270310892
11248891124889
82480268404916
85123698512369
69460249981990
89860098220548
19886211988621
69108436251502
76249193366058
80874702050685
55547896321123
83790550171089
11997174681949
19889231988923
58664699199127
28868612886861
99820868888253
81220843385214
59836395983639
86031695300322
81121855820826
90070261250334
52475405460196
19910516910516
15114021511402
04070101464719
88544488854448
72015052035880
99606949692207
91030929140195
96248169570478
88072664872611
52160609752521
70775371375214
54018785401878
99449944338833
78139607632774
53307375330737
54739187978279
69755551522991
54645405585555
80083012582980
58904975628286
93273239328952
13589803708117
84441736537163
19960777727045
80895206159951
19826191987310
62164126216412
83708498961868
56532318794763
80226598026556
00000000001234
95934389661484
80180118018011
58944685894468
56166865092133
59476753898082
54523346007813
53250105325010
54920735499599
82619810061988
60800000664611
20131011221452
52530013041988
87396608739660
88988543319117
08370882150773
99444217900442
75370357564423
52227125222712
61233584392310
54716795471679
62783506271890
88225598822559
70045112569745
19915191991519
55842514991331
60845169984801
50127347101928
13145213466596
21351371731994
83602735901588
65512606551260
91224114415145
58263718202273
19825255201314
20431556877749
54852136542945
88795768879576
97691139957763
99343272296093
69458452622494
19851210198621
01624359347284
77544372241468
19900617146127
10091298265376
86680812757481
98223373712355
82150218215021
91810809141097
57056165705616
77585215611288
73526198673220
12345999999999
60159686015968
77589917758991
96120662667720
78122027052935
90900723991915
96721149672114
52811615299912
64033026401116
57829215782921
53857473002479
93569419918512
65312316531499
78599037859903
65526586552658
74129632852258
97346279511987
62523790862513
77257216042589
08422326151147
85874089202010
96397445250395
99024489902634
60656222120741
67905201989829
98308910607080
72588167943023
96936022985198
19941201994120
91131014334286
55390132427455
69959662365410
96029504129403
66348143338923
75782883227373
19870621242718
29250662925066
97158529649138
98741237415963
96385296374132
52505175250517
19876101987610
97222351078762
77107887710788
92030704571325
93807352723276
62377866237786
55344931535523
97520385447386
20131025014410
68038246802577
52033445201314
88224466917350
69457699362121
87846798697410
74154968521346
85109778510977
87301288730128
54277810300792
87865408559548
52743493026135
64297386429738
55116644773344
28071188280181
87229068722906
56735969535846
23706830204326
23288010220311
86725251981822
77671408551268
51630624346918
99000259900025
11223331122333
66153661804279
85052968505296
94211379421137
19880419771987
63214096181603
96621749662174
23567000267808
79581957607533
28057932805793
52377865648540
19881011988101
23732562373256
15181619831207
74557707673171
80092092485088
57318795748500
56296506491961
00966503629014
18791887199042
60684626622147
78667744640786
86198405179497
36112060221190
62492719871989
63611356361135
69319144920001
88968749658450
64811502950217
66666619860509
77582581414258
19907281990728
91631621360709
56132635613263
62199880181502
95000066733219
19901191989812
93008179784915
61353513201815
99615009492320
64700966470096
53415215341521
77889457788945
89955631120019
61533228146011
76199969525486
66764796676479
64382072515974
50321047850017
13197973456852
62834727110718
57024024494745
98617594261288
50201345024231
57397135265813
58961745881568
23042413170692
55838315581402
19915292654902
90036459003645
78879127887912
50296617960691
54213375422188
64662666461870
65397086553962
66148936614893
97803569781954
84424338329067
89297454712679
95388344629978
77072195674877
65199313060708
88561138863952
67627296762729
77777773373123
75890511402858
75352552921133
85983079819235
66079006607900
58523275852327
57432832154328
58944745894474
71863216585105
71879548022621
99934010626739
53133552481057
51511236985000
93031101632701
19837161357924
78271707755513
62923556292355
66821416682141
82295218127108
55358975535897
54968675496867
20074714388028
67251666725166
19810927198273
12161836931993
60561757756306
95041722542000
51819913292005
85017868501786
55602675560267
25877582587758
78951237895123
79404015524288
79237827925522
74098867409886
71954363113536
99270579495041
98628408580765
75104988030895
91221222082125
86177218617721
86363251230100
19889277725521
78579597857959
75266379119798
19910123456789
52671993314493
94021102827123
60606061060606
94070212123489
90018096070496
33019832476744
84678775891422
66469886090539
95133313666883
56383745627637
50404703020328
69355374149383
82621758275209
51386595138659
78951237419635
64474186973457
88275002169705
84240526106052
19867283126651
80832052241994
93344709309875
87518332894140
69475110875541
69075298869212
31245693124569
13145217758258
53163025752865
98939225513182
61125456113411
99564106402253
19822177233140
68336567393966
51092747467762
93526219616758
60423494354114
19873191987319
43918757455460
77280255609421
13906539287163
28902152890215
19841231984123
65300636530063
85102908633477
64116006411600
53068854850425
97093529505130
28650332865033
88926135315212
75223795641003
89202154189100
81704592456008
55481120277046
92779982746598
59826708817190
19900818927998
71685872218056
85229858522985
56038285603828
85245674123698
65477962506873
94645829636262
85296378529637
58780203280322
80408093654583
82884078288407
76747264850336
58690695874491
74121994274398
53015097226201
54740825474082
66200859214011
79448251159797
75323007128055
20130822183015
88991748899174
52665535266553
18273645647382
53538565353856
19111987871113
53709605734075
84254262742789
81323618695632
29278325520138
28585172101685
53666247201988
54216044789450
52445215264966
17151518199141
80586030405020
08190285251994
51821644569654
55544258256169
58413145201314
50505101192529
26122932612293
52217535221753
19835052846257
95377014547732
91141128619868
38427382312319
92112688839078
19853145200304
95124123654789
61431896805649
56139575630465
64199146972309
92702689786110
71458647167251
69337846901501
19881226131420
54336295433629
98376259837625
19900743164316
64791495623718
53670168086311
67073313546147
55120715620694
53371912929888
20131022225445
65100122612490
89213458921345
66642306669116
58778044781149
61178916117891
88499123993448
22049053977699
60236156023615
64165167156951
19898271989827
00000001125634
88891486170000
67214944283873
62514834426880
69881036988103
95865739586573
56510203420068
84834202230492
99882277553366
56185145618514
57124706058696
71632613205539
66384286638782
56245275552089
12901085720070
51266015130493
58585185201314
14789633698741
58011485671605
56270835627083
52825555282555
65812726581272
54350785299776
94677525399832
83513134211024
55299165529916
19888251988825
52312505231250
51263748212140
70150122970755
19867151986715
89913008369960
52453448421011
67400966740096
15935706121995
51605493621489
47209173018656
87524178752417
84217649972659
50112103526927
96589343793761
83736248327061
50023100464542
69113119890523
92101318525160
76351937635193
79528927231213
25161332516133
26726909281989
88826677778334
54190868418663
22154402218646
19856281985628
54313114825339
52904835290483
11235813210802
57095315709531
65193823993838
81635228163522
58433462214721
93351956987412
56262285626228
60037886003788
28199104281991
51525127790399
88040929531788
82893318289331
62882988081131
77585215211314
55546543332123
69722906542049
94347215026378
69696696969669
85091156867821
19821218016282
93857139385713
63991009846520
82467391552602
69744940241989
55789694930913
78783675834036
52132485213248
77582582513148
53112505307816
88550362679973
64596034372914
77871877787187
56353816016381
61010820730731
81119888111988
64455116445511
94510926827359
63755915670279
85252543219022
78632594123987
57962592726399
54037024243081
73575363646278
82109528210952
66620295099751
76989917698991
14725836982465
58020482293229
84287718462123
78978920012001
14159261415926
97894789497259
74750128861760
86012502020202
53011363581489
62746214127661
08080546177043
50698745061965
98569739877800
92991052430762
57565665756566
85627018562266
64134426646307
50336319938866
91658169165816
66822329587323
54119355411935
91346094926209
26953688756584
57982165790061
19854121985412
55624311382548
56161105616110
71119801941981
77585207758520
92899558211284
98848248194156
19861121986112
75297667529766
63715656371565
21183028964558
85340865653064
85198128101982
19831006520945
20365286147910
55032550531006
99667759623796
85527393133799
54004762963613
53665366261837
67891011121314
20131017185151
55561234560056
56825908064519
61628272191130
28861352886135
92814248458404
98765432101234
64839306512058
97023619702361
80968944630527
98121239812123
56336434200820
66123598305868
62700926270092
98510989851098
84977472528959
56281105628110
68252384857240
68412596841259
53524628121088
79949202348248
73559445044774
51372119890622
06061978961177
58546106104757
70333635309074
24225497451321
56926095692609
55152305515891
52161169376676
96101707580211
97096993641518
65132436513243
82201818220181
92080262593616
72343107234158
94042804490903
73328647508117
61322723823812
82320804969615
72370417237041
92979614557519
61927645448397
56594679123456
85882237264094
99381644410094
61008896654198
75885522336699
65237126523712
28348469030218
55822585563723
13227027949521
88653612579564
19931201993120
50132790129153
95426019542653
96198998215643
54744213061196
95420038801539
57869425786942
19849151984915
79654303855947
24921032492103
88883333111199
53283055324012
80458234579897
51102319890128
19871204877979
50084136070731
19849225725694
11010322935326
19901112222333
98179028913174
56796194815029
58675102401250
11624097254388
03118618609350
62320036232003
64835815313670
14582463330650
19901261990126
86459381645938
83999308399930
17819831091983
51719915171991
57526825785696
88224466557139
82267448226744
52013147799460
54643429301986
56712383927987
19830808570711
56271497160933
69803606980360
87601578760157
85218618521861
79897496602076
54232055062187
51235522067894
51314215131421
69201146920114
50419942953384
80670784950414
85229128522912
58136642848702
58117595926887
83943298394329
03022004396318
78951231475963
98299287442004
57891420082009
55929695061664
58453339195959
78529634626332
18310311831031
74633153837577
97039879628586
74107894524506
52032995964646
69331487013868
70780857078085
53141375314137
75789595985998
84128775530344
51239032131250
68111317533710
91548779154877
77776097502385
52256911965225
75315923795238
54448885444183
57031698035683
81330872975179
19916291991629
61273726127332
71703067170306
19862141986214
93047219870614
91310299131029
19839271983927
55210862040150
53113145311314
83842508384229
55340385676217
38134123813412
57019095701909
52825022082106
69793655531989
74776568994840
77778946591695
19913211991321
91743499176843
99616769900399
57410872735956
84059108050431
19953217588135
18191741819174
50040445004044
88641724052036
62509246255467
56780005678000
74715047215480
53831385393138
52373041424200
54290359794665
55555557777777
72071963221972
19842112202683
69446208733050
71002350431307
88084238337136
65483882512588
88092510510251
01890525134249
89899586523203
55442266558844
82938168293819
58358925835892
98595829856539
99020740251852
54852655685245
52212819890618
55664512610679
52432802216170
06072409112516
58576795857679
59749297284388
76124827612482
92133801531981
55722835407343
19837181983718
93839192070789
53120324514735
52233764811644
61705976709659
88607772200192
76906157690615
26825732682573
92522584339325
50643620921981
61628708231120
62668089909295
53077525616323
73541489815628
99006009900600
24130652413065
57847105322744
65236456523645
66253206874652
56395205639520
05000200165135
71205052820608
83566053237800
72419893281986
59317895931789
58859715885971
55021552219254
52845065284506
79813027982259
72005037200503
75041687504168
50261615026161
62501331250101
52192410151991
12340869638647
55713425545047
69445828201994
81184528717195
76958665227823
92356760100791
75395185255555
83148476890723
19863121986312
19871251987125
78522607852260
13579091357909
70501360874190
74680239013861
77002071991077
28998912899891
95164633971269
55623864719282
65698238692223
96636219663621
83394035518440
76368287554353
71174894319966
99492217122393
92040803539101
98826859882685
90631419063141
52752505275213
18616944170635
27131005903135
96351939610384
93843539384353
00301122665405
72626727262672
91587413618140
96604540820424
68600996978699
81691918169191
74663816419996
07102010302010
20130517001116
57595545455804
61213419921992
87190638728993
19445090291288
77500592111228
52076963041314
58131104190693
63655086901647
19883201988320
51670859825678
78272905588109
85209684129741
81071081905360
43632134342844
58079934952409
19912251991111
00116395950317
75696139746517
19907101991311
66836306683630
56742495690460
52419733169684
66214156931605
61455177620207
84909113779795
87951952526323
80966034382269
95455709545570
19903241990324
95134319519017
97964567922858
64414707247518
92833605748875
98835121818158
98075605645540
51335115269116
81435858143585
75745577642342
19892231989223
50121245012124
96649167591764
98404565330220
72042737190001
56836886709495
81023972530525
64046323531827
58474952514162
57904689324280
57684172952690
56500589714598
96082892241958
74258087428269
55280405528040
69816258450202
89090908662661
54734215275021
94062506573700
51219895121989
53430008151189
75212819870111
53652342643259
01144778899663
57985865798586
66525426719285
99901297826998
50119437220931
97400441456654
19885261988526
53709627032354
51517154411490
64520727071995
64709884844066
24511522451152
84643038449290
26355963521889
86537238653723
07489607881990
11283681128368
52585015258501
75858767074851
94682399051280
56758095673915
66393523152902
50219890317666
87102540804080
19857161985716
79676987659188
57088315708831
85874806877619
19785281978528
85808868483141
62637006263700
25150222515022
68903602589634
84095430184095
86537664985130
96835349683538
96009001775659
37534104791975
75154505619451
92181050161991
55941306314719
09230183370820
77886507788650
55940825536430
56350185635018
76177101900419
90495339963328
64620226462022
53531138734340
87018701151991
69776032404040
55180596813457
51202381230891
99610159782351
77591265863802
55756825575682
19902201990220
55544464896003
68473515993426
83661585253090
58526684585545
53634545215246
50363015036301
71920166268021
88271734362010
73333117333311
56135585613558
88675214759665
89154758915475
56653085839662
65568702407641
23325582361098
83651668365166
14711571471157
50953915095391
66666688888888
72441400302718
57653002500906
92090202518901
58217885821788
59243845924384
35420683356364
69744352621990
57497764519525
67078056707805
52796537119687
89815018981501
58845295884529
58671795867179
85651958414578
58932606024188
64151716461646
24125202412520
19971011052823
63662926640456
77543206821637
19849291984929
75521887552188
02051989032190
71222977326962
85831112150286
29039320747686
67019651985413
21521212152121
52264397031976
55105292721491
98263318833836
84850862938485
54661964602514
72209078989789
98026804198612
11102113320918
57548015317280
99913679606683
67543806754380
88923228896481
60219708601239
60164312327930
15894789646129
52252819870820
66103136610313
19910613130318
93013634528583
71342017805663
99140243564241
80952105140626
79860849096875
77158673856942
80850048180406
14125412378963
28371732837173
98025589802558
90210892711854
78075454551524
54828525551829
23123213123123
68612125995555
36476987042321
80153879426513
19868141986814
23107792310446
58694605633132
57346315256102
84030518403051
19865131986513
82899919871120
19911298766598
77104362685070
20132376181293
63615366361347
62322676232267
90091458143123
58130050329077
63907883127443
27244035966921
61031072100812
64539175384604
64635146461156
66325726632572
16033045856552
73648955555555
51137145116084
57478463568568
73535954952184
52843746692539
93081013682222
67741017384520
52568586950310
54664565650654
84044776123456
96588104287410
50268775026877
29188212918821
58535893843801
77889955112233
88292201017591
51103975110397
92339219234116
13976485123456
83629273682283
15987531598753
19889257341010
67153526715352
84245958154410
71136913114600
78945612378963
54351201346464
89921592458794
19856111985611
19849171984917
65846506584650
74246873873541
68081176252058
51213145121314
53260945789443
67003836700383
19870518860210
89930119930105
81991199121128
19866051986605
63655427823190
68956266895626
97543021875213
54495916876445
82432543180392
56895025689502
19523819890824
12032006012587
62335288329844
13732039660721
82521933080518
98102319810231
85316782954581
62572635104077
56244683258371
98805827128710
98112199811219
72928258878251
65065126740514
86868868686886
53400891681981
58904675890467
08244217102393
19876135211314
78724647872464
58311035564201
28469284691992
90854349085434
98765123456789
97980352701432
65519236025088
19490722284140
19863141986314
60378370151820
72727211348907
67912866655387
57253129102534
28115293567101
88372577250887
76136557629926
58291468561241
54347047252313
85303908530390
68912859334530
50200245020024
54038335497859
66773186677318
91219912481988
99091013749394
61245316124531
19901201990120
56057277447849
85546468554646
56527075610340
76389938350557
28162007010107
94082802031601
66344505552213
62210050020478
73425004795842
74499489087549
61268716126871
13145213344521
87973921756925
69396795551988
52444903397818
13835361761015
84415455562100
74320610032687
56627695662769
81633932782807
53753215373067
77116527711652
50969085104810
90909509090950
20131017185351
19863191986319
60130316797040
00120997428894
69222959743433
50977105097710
52911225291122
68392740804117
56453645925391
55386825430711
75040444530960
51433220011323
67708801314520
94234139423413
66325206632520
85290849194812
23515082351508
51552105155210
54705922989280
69626556962655
62742352487846
67109042691081
92102100288749
57912587882661
59517185951718
92040463642008
92334969670264
62724274573615
31090876753489
19191919191919
74195308173957
85419988541998
89062870479159
87864528786452
85206048520604
68116116811611
55565174427791
65313512899701
13402332197314
88016678801667
53358515335851
72097086503526
58535255277159
52317425231531
58221984636321
80757414121980
26355382635538
95231499523149
75016247020875
52063055206305
80925488092548
64037186398596
50291273542473
99170952092787
54161562553138
58667555866755
76224394554267
54126195412619
71896295632580
81213782511655
51167395102669
87091724324637
55924795593175
39560827954254
97155746124290
85448220890414
29078013377828
19863010901986
80985138240370
74902607853482
51818785271844
56121628841171
67890123456789
75708000012910
26185972618597
62800265713399
55769535280791
89773468909085
19885126799001
57577837260789
99918303236849
51219915081866
98898029649732
19872271987227
97451869961600
96515517332331
77520997752099
98715858198055
56014205823535
19908101991115
76225667622566
83284521989905
30427225200066
74790412327479
86320218632021
70156998222899
17334025300684
62549900241634
82986516621990
53279998811967
56856565256565
17105781739723
81940009483636
31089221193154
78138701771990
55963205574120
51264215126421
55275526942694
62541576254157
92720356988894
19883231988323
54224695422469
95270071236008
56853465685346
65120646539864
99130821610323
15251251525125
86278358627835
51452416358789
52255802082535
77074216300140
88026677758521
89994738999473
24285631211292
61913141202020
82391623000624
56448915644891
67861475420620
85647008564700
04321088259741
89508599863022
51442419528490
71303817803629
55302015530201
55303025258989
56041425607411
69219956921995
68257248264570
88672957701587
92326835291993
94061805544206
27316972731697
19893111989311
25657562577343
96265405102925
54252795413639
64750211952513
79410867940838
27244026159478
20131022160012
56101303723461
61852516185251
65129856512985
83256974901237
78760574365806
97579952008182
98812345678910
90687569725999
56723619582057
64570553026969
68316426831383
82053058962622
29043140565976
19921234567890
97144147954663
97117554872333
92821595282496
13571224890122
96374151515151
28758812938795
82185818218581
88567103401612
60898224890594
88843127051988
19866011986601
63391496452522
20131022004519
68463133814833
56990846843251
52013147758520
72233390203293
26839000265687
80903328090332
99770039145362
54811755481172
65605096878651
19989151998915
00963095305591
57760102724742
98685949868594
94772073631286
52152415215241
70983007412312
30108919046337
53371855348230
99342789665289
82749868274986
14725819515162
65678026461527
62794716412386
00971507881896
83711940407520
55842005584200
66072417666753
71351367165047
99155109958537
63159292488951
24520807291951
63301663635483
98705099870509
56253216883001
19890605729729
52013543323118
82919912991421
62644153292190
55448800552233
97580097580001
56473355201314
88502611045810
82858719851114
66227755221155
58584501073681
53298105240420
05353253271000
95521848833656
96864432617183
19960123456789
19111010198964
54157637792394
85511648551164
78795217879521
24170013436111
58218235821823
56609005311753
55919298262510
98106869478700
91102001502100
83385458338545
26120142612014
57747672721336
19893221989322
89582928998292
19882201988220
82200868230049
52851005284222
23316666662331
89987857941838
51232673316715
90031353235639
55886255588625
61705252907375
28968582896858
15053519970715
76062907606290
93347167227418
54344815132389
83188318433123
58636343889857
57925792123890
11998855992277
82676893223032
85888507858668
52840395284039
19834171983417
85123022032158
95907049597345
19881101988110
68334566833456
58560164340730
98698611241986
62055110319877
53608266884147
82282430190197
53543552654530
87182318716558
60275304410095
65104272540482
06271157963050
95267317959007
56450400101990
70674158168055
55373105537310
19799251979925
19869231986923
65546326255214
91710198371367
52088615208861
51041000000391
98765678543210
88127674385681
87211910415315
00965668451010
95123579512357
62042119870916
86122958357998
75918637591863
99649729300247
54501173137670
88998508899850
68786897044812
69436016943601
68680408890826
86022812345678
51314205131420
19202228040110
19819221981922
53272045853391
19849231984923
76302367632508
21805123768936
72780807277070
57436265651200
19840811124520
81674917352796
71510800629103
54913405042711
69126823219069
88431188841014
78265697826569
55755932681646
85816588581658
53355015519812
15276621899796
54361362441556
82100538210053
63108419840917
77045927704592
81106068218899
51041012801024
19882291988229
88172904071986
56535656541655
73962683272466
21141666763370
54773965477396
25634262563426
52664807895123
85511700080392
11211019881013
19811111981111
51482556547661
80847453224704
53271792431882
50104395173053
88347608834760
11125041469810
73759187375918
53534385353438
19874171987417
75813028960906
52306853691407
94040609404060
77428697742869
55770558180370
93010825367430
98100529121081
55328503011666
50193123456789
19889131988913
78583387852277
57180185718018
19871022050722
57935204123456
78321987214187
77889978789898
94220264609911
78912336996312
19845211984521
54415681107163
87048803397097
84159908556096
91731008885153
13555653155531
99393381696923
69061024252205
95584182940744
91949603638431
94081401481537
67522326752232
19875101987510
14232219870904
96223725669001
91951449195144
85485635125678
77884147788414
86059868601061
29288591045156
99009900998800
20513043284549
75689143288369
55259152235353
69325416932541
72132673918264
52648749672805
92451169245116
19796348456123
66949115005651
56042075834747
92131559401920
50210100234634
85245625118812
19881120260220
40831664083166
78607860033307
72380469268209
83788797786021
82839612636999
52019902281400
96164039581595
57394953350338
68689266868926
52313132463299
62711776271177
51758557185943
92596004702172
78952574189653
77839277783927
68940219942002
70002069973021
94565415510650
81645648961131
53822715382271
28819932881993
58612185861218
79879785334377
65914546652317
59862255986225
97385004475389
91165220070071
93021581180685
88880125125690
79707529261268
97971519797151
98704164811755
55155252515612
88050505554523
23565662356566
95963812323428
19824191982419
71141839313299
90323495399489
28864762886476
52107022105861
11223344556677
87062338514656
33284653328147
26876522687652
17089220286473
91949720011964
96212499671065
79357225897810
72572751914900
28057522771871
95735165425821
58242672755537
74452407459610
54940575278190
54940565494053
75467357546735
72143095795245
55110575511057
93071413549401
89617098821709
95175385265400
25322002532200
60826602080889
64566236244112
84020180853217
53880655452525
95669119566911
83926514068893
46010845515425
52474594141093
87382188915564
82009111995194
62780624867331
85969868596986
88743922976250
65121746512174
27735452773545
78018557801855
11078851121318
55126855503841
24416582441658
57761722940814
63462406311626
62510136251013
19865281986528
57114385711438
85945111988347
80060752662005
53595175506472
56604125660412
94251689438613
88664453221100
19848141984814
19800814005712
19896191989619
59161579894515
19879301987930
04031981123456
74698677469867
62213686221368
25721534902610
95990862604610
60879057329932
59723131223131
98561635202000
97223249602329
67516438491384
66113886611388
92632959240083
71275137115415
86103574619002
54249091811504
93299613619529
85838468583846
55284545590367
75234117430158
98765432112345
93022301251993
67113090115010
53995315399531
62304008111986
87370285716201
66004400999900
53731505360900
28151322815132
51009350199630
50230101169542
70674137067413
55806885580688
82413902766964
19890805525154
50022619850717
89802328941409
19866151986615
54720225473089
56118647763893
01178712427503
79887485601152
50893453923042
86089008788900
66674556603563
98911229808299
80205028020502
99910899797097
57803509878550
82267932723319
78199423790200
73595157359515
74018897401889
50315625881602
86687298058071
61193062606493
20131019231248
61453428241494
94020209270846
20091027115916
88042804170802
64719306369518
65905696590569
89021455720689
20120323123326
80398072115160
57899868140392
71436241726373
69490345611994
92121862467674
52312425231242
23810662381066
71991617160172
90081168228315
74932265232565
65662596571630
87120910210804
63199423521060
75281095530947
55631485435321
70437033269271
84800701086030
52013686417878
57110314242326
13149211314921
83358728335872
82645038264503
42313924268759
57277135727713
78782877878287
52163127710258
20060202170226
19860415228760
69440636944063
26122366339732
50217315021731
56275613456278
89102064886657
16651661665166
74620288701973
87780894223241
79242109849794
79377132352360
68983236898323
50164923657617
69756011842728
79480187948018
64559625198909
19820702567890
58380254419317
78394252327477
69636369100283
10081994123456
18241818241893
51944329126904
52013147758521
19871217652381
68830848152966
69388339641995
78564195396587
61785336178533
59254753620752
96440565610999
59606166866949
98745123101010
76340824166481
20541140928714
55265427951990
77850894729723
91610693119902
67799776667976
72515637251563
61461420614249
66443356644335
94375586816554
16431879195842
73765983518046
26257642651987
93643599354932
98803109880310
68924326892432
62160766216076
90807060501980
63646106218023
54793065479306
66753665128770
91189892299255
55313225531322
75339677533967
56098755957585
80556251767664
87101658710165
78400297840029
55610665561066
21013842101384
87787298778729
78614997110282
50229123456789
60666656066665
50664585066458
55555999999999
76146027952052
54178782714136
74188549015956
50409482594323
57571205829731
54701095337886
77582587758258
12281519071453
65973056286221
61119845635172
98035178915689
81598828199283
55669995566999
75826502899605
19909251990925
69336279338128
61626200752789
85128248512824
19833171983317
66705846670584
53618825361882
81131400898037
64626616462661
70242969925439
19911281991128
19878241987824
91253327122533
19863101986310
54109975423941
79796167979616
24750816261292
86755138532253
19936151993615
63348283524439
19893147322332
50207103056153
57693742264427
77724297772429
85013178501317
66666619666666
29424062942406
84320861141852
88634293080769
72288225332101
91510128168689
72516198102084
82205708220570
55457815544425
66611118888111
13686931937123
13891236251520
66936966693696
74159537415953
64848958868489
55555123456789
19882111988211
81285538128553
93408089359645
99976219350680
59310866041193
19837192431918
80346330620616
84575224517887
63235916323591
98947680100206
19878113554138
65210656521065
77271111428137
84103002530200
17126525840332
64376437836836
53154636966769
87853128787912
57533535753353
89632368963236
90659708071998
52352724190290
90032157709666
57121635714478
62497153182469
98111159811115
95105906176471
74261069252230
61242919770302
81766556285668
74154247415424
52748909995733
94032379630022
94020707513101
68878646864463
56411712034400
52113145211314
58320564343756
52212619911216
92905342418740
57533128428240
65249696524969
50842715084271
19891017181855
19895191989519
75361287536128
98586393272537
19871225661210
51259771745769
25045207517491
64134169164167
86618548661854
78803846995794
21573000605288
84685284687913
44621102985090
65328306532830
77441100512087
82882348288234
60045986386898
23585722358572
90119984006401
61303383302565
61767615865613
85736060606060
56737155673715
51061033293479
13682800765555
55158925978675
59287135742528
23820292382029
77974911304998
66958796695879
55574065051917
51199727102004
19873241987324
19911208016536
51204567891234
54004105408510
19879201987920
96268183075300
75053310166987
53229915322992
97279884586921
97095879760509
54439685443968
94122318200888
66063556589567
53161595201314
88670814478785
56565565656556
56420495642049
50225825850314
70271527027152
19890102031411
64442156445407
79163632374343
91441535050491
61355154430211
82447746671991
61531231864531
57217745721774
26110112611011
20131022155318
55315242191513
63033524437028
62259746225974
81725140715123
94357821596363
61475878325847
79005763117392
41272519870328
73627362123258
96237159862212
01213023010693
78879797687979
88991159210122
99925944001990
19861211986121
56974005682209
84724057738960
51018205161520
69384913762004
59219645921964
55421675542167
87410037408791
59362519851101
75237222121987
08620422153321
76585815347596
66072656651533
89325168950656
56236455623645
15868461158323
49195338411807
67916896791689
55660125152831
74185296385246
54900328065646
19865225200487
26695242983816
90424219577778
59774365508329
60216406035290
64658859117551
88152618815261
65270166011525
89125608912560
74030420088890
80799703320689
77712398774560
15857431985713
65432236543223
19891151989115
82542699624528
57335385740016
97974598200563
56314205702990
87945208794520
61455206024171
92160031010288
88155587305019
49091184909118
63418376423188
52504057808019
25977582597758
19838141983814
82295428901236
19893121989312
25242782524278
95175327532159
88940212557266
57238105723810
55300295395296
83090108060806
51606848432818
87025925201314
56169101314520
87944357762962
90022773215218
93969559396957
95080406764924
19961010123456
52467213134679
62700366726438
85951318207093
57417752071291
55587452147987
72425407505353
80505519211126
63921556392155
77675292117399
78463957846395
53511665336244
76414654310132
80400388040038
53422575342257
89757897576369
90102371207123
63779202551686
60168226173792
19887209190527
79950824432208
75104969967900
83650243513646
19892251989225
90230959042059
80241558023935
60336536033653
19871517721728
69474144072690
59786785978678
52165666051023
55525295543690
91081102562708
25257752525775
79856961465631
50610119673845
57887213331830
23371872337187
99199100998720
29902296171568
53307557464114
88917702217398
85360129686861
56850437229405
88010198029008
64173810021001
66949482244323
82573032060021
79918745632150
69764009351992
60988433488906
73544292987545
28182292818229
58146839148669
82892121219113
19891171989117
69984898971988
59467855196785
89382428938242
57474395385416
19886161988616
57384595738459
08911871041105
53701315375292
92092019209201
96528851152003
55177172032794
75912552053176
77181829053014
72778793110258
69041243271269
65304722683146
52843507865306
50256691536069
81102931578205
68696474664437
51534822381635
54454357153481
63765482524950
93080911042009
97359254351979
84324768432476
66032604553530
88236198823619
63212162586059
55914255043382
91088397629131
93231064330915
73432845700601
58277775827777
63655369122382
83784376642323
76014006210690
86824858682485
92433036924744
52380465238046
87693148762613
47054325852450
19834281983428
98110994407889
55504127489430
59423707663329
57624055762405
58149955814995
52533532475228
97415419741541
81010852690800
85967678596767
84690158846477
93569709356970
53442795857558
88891097870411
55756913603304
94297625573292
51361885124301
85305787930607
56834878734865
46921913110121
84318085312135
51568586950310
19882161988216
56585155659664
06920834844905
83337375678888
23158622315862
11522011152201
13105248140597
19792261979226
74688476211130
98783264557981
19876151987615
56466842211319
79660896830297
23232323232323
77860217786021
57980970385408
05081014202324
56637725510591
28665702866570
78227717822771
69696686969668
69987862780501
62020956202095
54893892953337
94543020198524
55512121251992
29582650185239
63215816321581
55663603023962
52995895288160
19879271987927
69596926959693
91090800340559
77882507788250
91515442930591
27131007427133
71258945944958
77175480538610
72327557168644
31484813812075
95784516609781
83148608314860
52236235219814
00190305709839
99222011749031
53126575312657
79630595041036
51711815171181
19898231989823
60296263217789
50232125668221
55350345510615
19898306241245
55213258742651
62383316238331
76945620594972
52527685204386
23863262386326
52657624823862
96375884120323
12377950187954
64215846562321
66124356612435
65711942561551
77521987736844
89144768919681
19917261991726
19829221982922
55123996068461
54130050789012
28621732862173
20100722082045
19861122197322
66532236653223
19881113600504
19925181992518
56265115672125
60532785602362
59212825606089
53326565986564
67104068636707
13479437331021
58610505861933
73168963256465
56524355657710
86086545710614
19819111981911
66010511350001
78072803755867
74742152370323
49681144968114
55703985461106
54650415740318
23550001967311
28360319671429
63875876387587
81565658156565
83266778326677
77711644833777
77585215201314
29920552992055
53324324426270
77272185375715
25952589623910
60555109881263
67356789789456
18068479440257
95417142953131
91967449785856
08811380881138
52033445203344
76812303040608
51472986321544
00114466880066
58502445850244
97895824049189
71146499449363
19863211986321
73263322454765
84210838422462
59726976601250
85721828572182
77827796117047
81113735228061
66874116687411
76736946536606
19892121989212
93090503357115
55613175555241
19950504230230
78209167820916
26741362674136
79747457974745
82465252825282
92654479182007
88976344367988
19891101989110
19921005050560
75415720356847
73660157236413
19856201985620
63761126123456
63763174455391
65484296660310
18181181818118
25708782570878
78945612318346
54229015481503
57534615754676
52252276627662
59685581886886
63158016321750
94168641931143
52553297009371
19889281988928
87107654525207
54826165482616
19836231983623
61272219881003
98290560806039
68323126832312
52199122667412
58905787159123
84647568881842
51271354585026
53836747110996
29056182905618
52013145203344
94586155250694
68115995681778
79420608459191
83330867413492
78144331201013
19846111984611
81182138813053
52433803010126
19861141986114
66889926688992
73208439071213
57581635911577
89209056421302
19894151989415
87398391700911
15835098664520
78771748979898
19900120505990
87510318769510
40145125176292
87301125435293
20080098052689
67857086785708
56511885637236
74815926132686
75133117230283
57158007518500
51001550907811
64848796381286
11025331382532
78513162123698
56791181988465
11235819871321
94219909432587
77885207788520
52119975211997
55755932823951
79051036420301
55943886479279
22345006010089
67130905112124
51189075118907
69829645028230
98988614652921
78945612301230
85292779341274
75215234219223
61913457456214
53847601290789
54691605199006
73333333333333
19889121988912
80323238032323
86594104588024
58544565753159
81277370878330
62830037888888
19868231986823
19867271986727
61491786149178
91522629122534
53316875331687
91021815911518
90044109225449
75319657028422
52155867676283
00058709326687
15200714181921
97010183354018
20073110059406
75785465069697
56024205602420
55934844984444
96078459784272
10353471035347
19889161988916
79854305731001
55528845028200
86851158685115
19877161987716
66993314477113
69759780683030
94002329368542
96501489452275
84506818450681
52615245300126
60212556830246
99070784583345
76395659141183
99226450121205
87229548722954
90421419042141
68167246817019
99942189382785
24740651511068
97959769795976
19835291983529
83393138808868
55553550338334
61909202312600
80830724252905
62830156283015
11232111123211
65201447889663
94113002546333
19801129422329
88285478828547
77585211314521
75710496403996
64554147320811
08126286030609
19851227198512
66953791501142
13145217758521
62322906232290
58522035852203
69488005503107
63522946352294
56658275665827
95331764304221
87432829549731
56452178293564
52285205228520
99442077331635
52019820731520
93349876601774
14046364341762
25149004209645
52694555269455
23875612387561
08370403150669
19580701122527
62828026410831
65384163226761
97352818582303
77981933398353
79463817946381
23252545315354
19965911996591
18152003312004
61570218928142
19363478521021
57011415711756
11223345566778
59407175940717
63454646374917
19874213539769
68453364263315
82645012050125
53677855364285
81675398127622
75913212008111
55656965565696
19881211988121
19975301997530
84645058464505
99899192717781
10163092981514
63217626321762
07204398781988
19889171988917
58021235802123
98594529641245
29548892954889
19821191982119
51550855121536
71377290321456
19859281985928
03334401357004
11241161124116
86470694739615
74107475632940
58175142141554
79354322771164
71300102058301
95021702514517
90637699832103
13149201314920
02521562576386
78951239874123
87582898758289
74986541653266
99126655246321
35095647200295
78768077935624
75058547501131
15803295546110
52013972289097
89230319840011
66904336690433
60720276072027
08340403152325
98392529555719
79878975454958
96054606109299
87585888758158
19817861981786
74123987412365
65131606513160
94032508513802
76900185340822
55389117180479
85081752005277
56186804678673
00000000000000
77430527724536
19863201986320
88771136464647
95584979558497
91011217961806
50798421673541
20131019001930
52533585251252
98934022424438
51909129446175
88047988804798
52624005262400
91411902031988
55227545520445
71714334276902
19830618213372
81055807718364
92511911802302
75830393232161
78693437811024
52262919861129
61907186194694
93022103030626
62682426514494
58590058241563
72103458382232
54221887623778
79091867618126
56351917636536
69638145123456
97008479686377
81575492608389
96103549776169
18123123456789
58549955858486
88452045071945
85871672769330
14426210241026
85989258598925
98775946138520
19908211990821
84941578661512
19900512257300
81735476241137
63228978566053
19891231989123
68792316879231
19808111980811
52809157892703
88301832974902
84265753951000
83854418641780
59693097510038
56238395627879
99818899818888
05236139824365
51174315984551
66218746417863
65811056581105
76665443600040
77191165731572
98060659806065
52523215252321
82290987769072
87856162001228
77120032622911
58232045823204
62845128729672
50441374020263
58531243420097
60982096098209
19874526696961
89412838468069
19865201986520
62579965841547
65603965820637
79478247882581
89071616171213
84671018467101
55358979323846
87875208787520
52938622461278
15044962958218
69300887987717
52850015232285
52950775295077
68673117558044
69326628854321
86124826706923
52730919538270
80610270222922
92061315073613
74199110121991
61475117101983
65926366592636
82471590215480
19861191986119
75860427586042
95140415695140
30112527282516
98753219875321
50971207162500
54046555575213
86020148226391
68005863252088
80956864962512
25470742547074
51511219851204
94142276391269
81268908126890
54706761123456
75311091029333
58011235801123
98220926281425
19813181981318
88240238824023
97012929011997
78780692525521
54142470022123
97028456935741
13145215211314
78809069132687
85041969138848
19855201985520
61566056156605
54803085480308
86022688602268
73833754418469
20130627183250
83865156591015
92241513230194
19900603131616
29041139510417
56392889404749
29588922958892
52181018111989
62452248337486
83848041002023
00618619841985
56165015698552
78301317830131
28753222875322
58233004136756
55232005147741
19871121987112
77495667747591
64501014850923
88076673122219
15004124550302
81888310214987
88123458812345
88253618825361
98227648253762
19852181986218
93882460281288
66666666666666
19593266160789
86199312121991
98032719751012
69986344325545
60838256091159
66590911123087
58221825822182
92988857978463
77227677546359
57112866411944
70639512219852
76585977040538
77585297758529
71327107132710
58995775899577
79497207060777
97030899919551
90620199721324
93949596979899
97770517847887
87283855264990
89506058684474
19879181987918
15321315123321
19103158328216
66810446681623
21133050007768
55301175681177
75677467567746
28973032897303
57707459211996
57412403931202
19835991983599
54501205224126
54211016305411
76799267916811
59859105985910
52010255201025
63911907898183
72339557233955
58424251983610
11717499003370
19810508071016
78010653956204
71879046881318
55131185513118
66135887497730
71025317102531
19859181985918
21298002899925
19901031262005
50211135162304
57735445010777
63115187456321
55743417606203
88519825251325
66259886625988
28041992123064
85112092913678
28160482783833
56907725691774
81205265898312
19915121991512
00008157278152
51688526901388
19843221984322
80754563288608
87022720902277
02024182981602
84746845649568
77895207789520
74307547875074
65766236284339
69892096989209
54829394429853
98255836190917
14171581417158
19796281979628
66245645790868
52013126371162
47315100321326
84454302445490
12442611940118
52436845245235
19841122008521
55008275500827
77772244115566
56367561901307
32380253238315
61309962659644
50128841333000
75233352251314
19896281989628
98765432107410
19829271982927
54846375235654
56227865622786
81775098177509
28810012106111
72243950278952
73492537368876
94323863832973
19860409527714
97102144371987
55612105408834
69552590611989
59189525918952
79787817978781
27244029934638
78963211236987
71197628432254
57739002140292
52547725254772
83220899003115
50174375019154
99726269418080
82214462680433
85148626318939
89441288629628
19931229015696
69591126950158
65166935873691
58838200516876
56756200470156
19858161985816
52014373945212
93190133943459
99491707756351
78665787009570
82431038817001
78789878789669
82949786633819
54726295679761
00905326303876
77585257758525
82557905622518
17441605500742
83318648331864
69461316881993
85836230698425
19880531657839
57924883993130
55233819972412
87101159804044
01068918445224
74833997470712
62065706201802
51942155194215
96698779829288
79799259338236
78753636526711
96273580952072
19868261986826
61803374757677
50277155127075
91426299143245
61593523931123
96941959694195
64387852323454
58604655860465
19881232238451
66010426601042
19811141981114
89102405539188
77090108092279
56301187175587
26028002602800
95533109317091
71381993240300
57768198351347
91955582313173
74219063880703
98301164431235
19276338141088
77032807703280
69487174781908
19821024168168
77579657757965
63244386324438
26254592625459
57700360081192
78945564561223
85404428514365
56587905658790
07170117880717
50034654903235
65981506598150
16325801632580
23423752342375
97597817031986
83400545450360
60031542709991
77582585211314
89081823282328
18319841831984
60650822218680
59298372847186
84092368409236
52444885545798
25370851458959
85877398587739
62060364012197
82547671987618
59620517713896
19879251987925
19734181973418
74204264142881
92715738326889
67386046738605
19899041989904
92594200110990
78960026610510
53785210093875
87150872062937
19870104187171
99584619539990
74579739658745
19835253134016
88350875450235
93178915324245
69555376955537
25877584545594
51019971142002
59127035912703
55531205553120
57530885334277
67854706798091
14563211236541
50062300123456
52010103151314
79778497977849
51499425812478
19872888888888
90191995123015
53357034942289
62626429113491
50597936849112
66778796677879
87190406071188
24118919387504
99058440095875
24962322496232
98741239874123
84870858487085
52735722631503
56703025676853
55778475577847
86911953464576
54760897450656
51033897461957
54201645420164
56824940191225
92697454537885
70170895301245
65445620121992
93344589572491
61505996150613
23225331118250
91837679783969
56362515710524
92490527947478
19887201988720
55683385568338
84286793791309
90276607861659
58456023026921
50128505012850
56023915681123
97672023140207
54107295410729
19837251983725
76910284068029
79630125832744
64071814271279
05061619202124
49266814926681
51101454123456
96516176967819
54167016287934
13171683385126
56905795690579
20070711190925
50648065310033
55810605581060
53058285482018
93120717021318
19870619142317
00441535630324
64658686879195
28339952833995
13542511354251
62431036231950
50030722111986
64692512887173
62325326229849
01159552520096
91020105531978
72834317194519
97134769666968
51902920199739
98753217412369
54655564014182
19881191988119
85034427958784
53158411800261
78752527875252
26641332664133
98356481260608
72344597753145
77423226611815
56750605681552
20131017144021
86920023905008
52316255231633
89308832207991
82017848882322
92121765936123
99696466112481
97252313100487
74512687451268
71394988246209
76717536905609
68690136869013
67643287310160
00639165463652
19852291985229
73248491093112
98704243163365
23540238743576
56702255569567
59109765843263
19872141987214
89228631910437
79883125230557
94086618702188
18148181814818
77885217788521
19798128723218
23220078104309
94101912516799
83415988341598
99831713231091
83593598359359
59446863857371
51842065184206
54422594067824
88243027793766
53544917568737
15457821545782
19894131989413
75213407521340
19865111986511
78475535308788
76212012025558
49352943727846
69921742048211
51516095151609
72730899203284
65350849821676
24031552409321
53177033817028
80220600762319
51505882910588
23481199118432
51567116672480
66996446699644
19940923268371
56905863248994
29236294966859
57839905783990
28141372814137
77640547764054
19863151986315
53163175316317
57745866882693
59536158853565
23345672334567
51451501702531
69639576963957
20070914061731
65412736541273
33299722758240
28253842813984
91647602953238
22763616121984
90090104576840
89062378906237
62699395631358
99312329931232
78093457746483
95042982608268
62430916243359
76925433615451
78529234851213
59030714804445
86952818695281
78348534769328
80971844602807
23041932559797
52029485241670
88032604091231
19876241987624
92542479240212
27244047148559
57747296709840
95482604199414
76782957678295
55008275483835
92501487656821
21483020337369
69479608561213
82306278230627
78294646728330
91375588662244
77582585201314
62060476514847
98729800110990
74953637495038
60533414715840
83019300718111
58434124303696
78839467883946
19894221989422
50510607607816
68882833117354
19864251986425
79914697991469
82199425871013
75145337514533
74596657459665
56344575620904
56916945691694
53443855344385
94901834123954
86753099035768
94824513006269
19889211988921
67151817022372
21331001711740
99830328839833
77758673328784
73194111024550
84312605501015
91914814255200
93031693135093
26106182610618
67990328071987
13952786838354
65691060893025
79549232158321
97073869624468
19844141984414
71971629843547
20071110222020
69151756915175
78879198541903
53533422366296
19890407322597
64679397079916
92687524604186
73918271829350
97446015763285
84858198310880
69349896934989
19869181986918
65568618245538
13741671374167
84023888402388
56279385627938
65468875969789
60395199760395
81219671291960
97648685948761
28071986220473
49591090052257
69487121101994
80115518011551
22165001860613
78367964009284
68947856894785
68811006881100
20051018661487
80197528019752
83091205804103
89980323365993
64243553726352
56543455654345
75939532202156
90880514002147
67014019255379
62200347260070
19871131985112
94363399375630
86865262364116
76101388044234
74536117455081
88888888666666
69696969696969
65231903912960
89318058931805
97187275441204
19864121986412
54199614715989
93532957979132
55326936464862
77384284319244
50531205053120
56260805626080
94651979465197
76156077689603
55170265517026
84413798441379
79900099882026
86726924913112
72122859228458
57753407016008
51099615115187
01131229675481
58552125858720
80882938088293
88322989923765
00393476160026
24321212432121
19879221987922
19862111986211
54522904271582
19721419231191
93280862696537
95894147812254
50321455032145
74902827490282
82588733134678
15339781533978
90034826410065
96813479602795
78965477701932
80710392573589
63985966403718
51019945101994
79862534151618
96664468979810
79818222992580
72927734842797
53504204328869
19899151989915
79026087259118
66276967901188
92234295501766
57170097852123
89028685201314
87840052123789
62051795201314
88026678802667
90052101581901
85421175339015
57228725722872
57627597297749
60661278314845
57585900662536
54573465452113
19841004123456
19881261988126
58262154532265
81291638180177
98665257159357
82197731894145
81852208396062
66823036682303
99881749988174
69736327909789
56351415635141
55259835525983
54397297530160
19862171986217
19881125062801
87361532442506
88233744365166
58394566936277
78025506828154
71481315625887
19876121987612
10925359668354
69259164217521
51641665164166
28428622842862
71448855126071
81102688110268
53364357561555
77532603513650
23697982369798
76557156635203
19120001912000
66399409018119
69370494511348
61922356662241
65612256561225
68089226826323
63376431950603
54165385642351
77882047615791
00313401222229
61435209476850
95945203042268
59991269920677
75484547548454
55056435505643
02119413102706
89112713635786
61020026102002
19810112050118
22222222221907
92100602089437
55120020720058
53931565408818
52668815261127
96894192675272
98336425732501
56176676520123
58957643181066
88734767611090
64329102357292
61884080841989
82744116133662
23583262358326
53376992451960
74777036260023
97951598199215
75580177239331
77709262488760
85245602081994
66210806621080
53129948827510
64640875107870
52300094412360
25256982525698
20130624155723
64464256446425
61961649820312
57139205713920
69785956978595
71729595347216
12345987654321
19901231990123
66484536673385
66625909190708
25375218281992
89771222550440
85672178567217
13543223742332
52052013141314
61196719851985
94101213646101
00967711168146
08410102150864
51051320070524
99416247891011
82684571417274
92000914262801
19896211989621
62861436286143
25299493538219
54110502497418
54990853379344
86547267816662
71225324112549
85253150006803
55329427751417
63219256321925
78152467815246
92133721624210
54104559622287
23320091152785
91949096723236
90060213819101
19891261989126
87648112633254
56318185631818
13161821305007
52148655704874
78886671895812
15061974211198
78920016267382
88330098833009
95311499531149
52113147758521
56143185615744
50646606744660
83813280272903
62611033984871
19871171987117
98966699896669
65948086930730
85105818510581
67181256268406
66052196605219
52350585238727
56078913722081
83459605509250
19852138673348
60239236023923
90521400123456
63813472411216
54255685425595
93033049514061
59351685935168
78254017825401
62851756285175
29969458385258
98507238192477
80978225593251
53365336828121
19206105254817
60330224546105
52013144621411
83101852989666
12127307928788
98460359846035
67196166719992
19834141983414
82587388994878
81042167334736
71556617155661
92092004411081
90092646378910
03826736741989
57712165771216
15058417367430
55407117021995
14145141414514
83270420234110
92571733602789
92191239219246
78056298647763
92090714664115
54250135422198
91120009112000
71535159335257
00098705291748
19875131987513
90063951236478
20131017221145
69355126284654
84423628405827
87432928701929
56641253786329
52613145261314
86103063046152
51138119880607
74113607837131
23838006438408
75667577566757
77225877168434
57464985754204
19891221989122
26918852691885
53005205300520
19871271987127
77777777777777
78200352823649
51854055206330
19909181990918
55115167177649
15941121129921
51100828672035
78951237415963
29872677838209
68914012191191
70017166091915
81920682993182
57675482953212
93161236650226
58808270032971
90110074213568
52310934812959
99019786123654
26217932621793
56851120241989
78965412300000
85211831475963
19879101987910
77770899458911
56913089812154
53123422102360
71231218039115
79853027975060
19948171994817
62583950342100
57013295701926
62131010011010
50844513882118
89720537294278
59133925914985
90633219063321
63621006362110
75011007700806
56711582944636
56072195371137
65117956584875
65253735201314
77122513287386
51059865105986
71246234569563
59131825913182
56133835623383
78688367868836
60518412121974
89486504239600
58419605615744
25192003845589
62113801558009
63256408768322
50206735020673
91884476968482
86910810141875
68578205892680
20131025154921
52052152371019
79110205681999
62462419971997
63245316324531
98857875110294
50030803962526
98491917226993
57509225750922
69706825771520
21038811338224
75928521475369
20832962010593
55198455198455
19888181988818
77790003040609
96469982441667
79126563787017
67196767147768
70061602174312
74701145626994
19839111983911
89487608948760
56456495645623
54143514344625
54651196952641
80360075371296
65318446524806
88608278865000
54122535410179
19882241988224
19861011986101
19864245150871
97050119713524
58128933221091
64640440051985
73019392474708
67848126784812
51050594541040
97818832521898
66154874420075
99990838612082
89360548936012
84360616581213
58435691532486
88442598844259
78764755410576
69695702243310
50646515064651
59233565923356
85911758591175
88181212832243
78064037806403
61716502435178
61996229392050
73816507468880
80957686480000
93983802167640
59263795926379
55032219972009
82633419871101
51553581150632
81358038130177
78347731446608
21010319860111
35510811993220
63038336474305
71025342722527
85305785623337
55917235591723
19904122005101
55535361700020
56143066209380
99113399773322
66583706581741
86133458613345
51189685118223
63726688557561
61119825665265
28936692893669
75788662011990
98356131993108
19899291989929
82811288281128
14021119821105
78828997931415
66643919582666
88202348971682
68818186881818
63352894975411
19878231987823
95248030491686
50589215017205
51020304050321
76505456789123
72726542323809
69802496970733
95278789527878
97405799699643
52410732583334
93314279331427
52052052052052
61012519890214
69765062883768
49080624908062
88312912265253
74109282013714
79461382501994
10078718798674
86888688688868
51102175110217
90031150190285
50125555012555
52162802203200
50773091010305
51615397542840
73053560438756
00240024030400
22113195942411
19818183579000
54711237660381
72993467299346
85655798565579
78597916010123
55721115546774
86330078633007
56440642256718
54545656767688
19875191987519
33333333333333
89625698963257
63064696434565
65432106543210
13960694002123
67393056745412
67333351254293
80073518906038
47805268028830
81697533882634
82086228899110
68754866875486
92896566011852
56553645655364
97756868190930
99436647917945
56912755410824
87048175823438
59394506620212
77882517788251
86918718976145
19873151987315
98065308401990
50089403392232
56257459710686
84512928451292
14107601120401
15643351564335
54134378873904
85632538563253
78190264875207
88805268880526
69425088181984
97042379638064
85878991936296
68478366870028
52713145271314
27931132692231
54963522659317
55613175375701
51587778838485
64617976461797
76247267707016
16091959090253
60543056054305
84850911409338
81111228111122
91515769151576
82551048255104
73674152583384
57568313800107
21221015205369
00665130036200
64889141509225
56579615611097
14159267950288
85291938529193
92100296745698
78440846538707
50724295622706
83119658311965
85465338546533
58112304653026
51210625121062
66003466600346
78100807810080
91606496552625
71990319544436
57639533830584
80907118090711
80382776815299
90042119750411
66465645519478
55242086733103
98765432100000
78421387833994
77487758744050
19816171981617
21247607151994
96325879632587
61024383889854
91671744178870
60801121234566
96487081810454
64127836496530
76041205414168
19858291985829
57112975711297
82268882537953
20130822185803
83327189711473
77701247728475
85365948536595
92079087966911
53490995349099
82352128981007
13824691401287
82258598225859
05061417212579
52932455293245
85493925130567
87654328765432
19865271986527
99214568753123
69761755019802
97203017147187
78901020343215
65132746320132
50324743456521
97555660214398
19897238993987
86433448652461
76107987543650
82604398260290
73194427319442
51504123893305
71551097142680
79261985198684
19883132362538
92132321789453
57028908281027
69777398096580
52739105273910
19881181988118
56791345679134
01129392454572
58299845875786
19850116820518
19902181990218
50250895016446
82991224081687
74989788265905
99747925466891
19868151986815
64158646781383
55455615545561
58682643831241
71115678123456
91252199481923
18129223543041
98741231475963
64259036425903
19886151988615
20081022160631
53703224201574
78362647836616
99491731956864
51256083644421
79435405791294
83362178336217
78951237539510
79311397741159
58154607532681
63618156361815
79461385208520
56433525647586
52133445213344
59559227747823
56281404720583
71052782812497
88311418831223
85312764252310
19877311987731
91570739230890
64654694039890
78952113814036
50723022851342
62270456227045
32615410232310
97872436220293
19899161989916
97801449485988
19876231987623
11008201028431
81511278615549
69728586123852
99463576280268
81997872865321
54008654008654
80957502391897
11452119881106
27223514196021
19871241987124
77822947782294
98302649914263
19845251984525
99712139476520
85659888299610
97814869641933
51019885101988
82192598219259
89900318990031
81228146823791
19895205201989
78165755756187
81640719102709
98712303123123
75364905291411
20340303212110
86567838113296
60791086082979
89545448954544
75332147896541
54516170123239
78726578905283
03110410311041
63547726272266
19857241985724
88561318856131
63036936213733
11544019866520
13959851582979
90497216237453
19628276021281
85536918555389
84816843878689
90954139095413
65758754660885
82648822464626
87940967229556
78251329054628
56708125670812
53785315202227
25626822562682
19861064215681
70875739770299
93783976027123
55629832586990
81643815141917
92583224285248
78945612302527
78503258100540
53692977011860
77791177779117
50123055012305
17141517181920
19859251985925
19884031988726
52727525265846
54747741281993
19681125123456
19894301989430
53176813009027
55547141019666
90322142990341
84300164500927
86290629392629
85372328537232
79568473837779
99999999999925
52541416449839
80509638050963
54469125460162
94121712002312
19865291986529
70769968516366
55811525581152
54421436716181
93929215137203
19839071983907
99581912191093
60623856410985
71818105263843
79782977978297
13783820261886
66442233446699
57437448030888
97777369777050
99429049942904
18355667713352
92442244010606
77110094159719
50435855043585
60330785612159
92569923340101
61196154882400
61921157472583
94792859479285
96582102365578
94818484576650
19899191989919
29067033001567
54719928860822
52804865403725
26516032651603
77016616961577
58282145738070
19920327015653
21433902640000
65512828145473
19869141986914
80790158070430
85274648524774
76876876876876
86808818510323
79622833327311
53197149949593
25158102515810
77842958835239
90478960910291
99182526351535
68148686814868
19846201984620
19808171980817
19842181984218
83341388334138
79625673062348
52631857021455
88119678811543
95368429536842
58192225819222
