123456789101112131415
123456789123456789123
984125849428475290859
490250508817948561283
208080020831672083058
589252658925265892526
623254619926426523728
549666539550225602123
000000000000000000000
723335572333557233355
541651036510651051602
920818631073138479236
111111111111111111111
505676142668165362573
923898257912953617222
650383665109404387982
861001528371036603138
589593414050302911119
982409019111312329592
880626331690575525264
983859417509211420840
529875369223374356789
544588420005445884200
562797956249585632935
992563458379128677184
852461285246128524612
987114083098918881690
697745775322940810000
596148586128591415928
833086784318764580983
675038452946754650972
951323194473369522117
530975655324904199096
921108764933167895472
901103102988405923900
506735250030165003016
696405865476109028465
928789092878909287890
774185628259702832906
623566920985308340682
880209678241110471217
850821361641075651810
530052053005205300520
985686894381851979245
636550863342226345524
822399182239918223991
661051234569133714883
893767762615891336562
624481360365412571118
774867777486779365986
751075075144277512389
661687949633594121296
987654321098765432101
252549300393297209199
500201050020104287087
