1234567891011
1234567890123
1234567891234
7708801314520
3133263393412
1212312312121
0123045607890
1234567891991
1100200886239
9010091048119
0012345678900
1234567891010
1234567898520
8458458751312
1234567891987
1100400548051
1118010522169
0376992225647
1234567891990
1234567891993
1234567891995
8912151201230
4810123315116
1959900157729
5242622427676
3101500788493
1411400151311
1719900332484
0096612122255
0862449539654
1100200245462
3909900201015
1670300167051
1374653317652
1100400534565
1234567892007
1250100254213
2010253604292
1659900230267
1409800157322
0123456789123
0411518262534
1521200035724
4293504734766
1103701120291
1440600127081
1100700107221
1382716121470
1100500410345
0597116860182
1101401464367
3101801402799
3110101142599
1509900292883
0147605023174
0000000000123
1100701194496
1452122541213
1181920111991
1739900204788
1480700072629
0122584430007
2920727090033
3311100547799
0812199118260
1100500659068
0010450128548
1869900141769
1236987458200
0445520831922
1560200078023
7418529630123
1341600252007
9004250348762
0129362125676
1329900324221
7412369852369
1409900314357
1130300055282
1450700094126
5331350140051
1639800103697
1349900491462
5040223431007
3212333222355
0919205006122
1309900997862
2605199417101
1141000049032
7708805201314
1110500029897
2242362482510
3101701300871
1100400004531
1102001619241
1597534568525
1382719476519
4131660200335
2900722396562
1100500200448
1100801049731
1500900113476
1340100127369
3700701066511
0102198300102
1100112300112
1236547852369
0105928147218
1361200164666
0919519579423
3102200238723
2045010010005
4543050192526
8852683512002
1839900144288
1100800962629
1570400113841
3330101360390
8720351520321
1659900076675
2911122151636
9789749661864
1220400022105
1100200995488
1309700132655
3129900242231
1809700017029
0445554037535
1302100078726
1100500582995
1199900234526
1650900088837
1579900505992
1349900621315
1710500298451
7708803344520
1309900676764
3429900152591
1499900093008
1770200015593
5140123432105
1203047595419
1475963789521
1925185245635
2960100010596
3720700855121
1101402018824
6209657461127
1539900346061
1993524258456
1234567891012
1679800111843
0124551424512
0248620258520
2679900020180
1346798521996
1449900193011
5201314290707
1859900015020
0445536470610
1659900520907
1480400037852
1430200109647
1900803100132
1560100255055
2572887700896
2881111170033
0815759393619
1550500076751
0919021352510
1382719664984
1101401321086
1620500096867
0508991305002
1360400144358
0912387661911
1660500108113
3510600715680
1579900300312
1409900317381
1571200037115
1219900224121
1100200348245
7894561230789
1566105596260
3509901400457
1510100252552
3673456032145
1579900726506
1100500246219
2449205010272
1409900555001
1251474398456
1160399004901
1560300032432
1301500242433
2071987201987
1471100086166
4815162342108
1103701731818
0644045255143
2890427226702
1219800174466
0014155319133
1480300093092
1440900121577
1234567892369
1890411142605
1102500003598
1570900056995
1102200064443
1250100295751
0445539687014
0896313037123
1800100238425
1550400055817
1401400053298
1341700055696
1411300196909
1249900027619
1460500122550
2898836729160
3101400834884
1234567891996
3520700265660
1101401244529
1300600137941
0943261340023
1201000009650
3141000049420
1321200052990
4010101108293
1800800090340
7501015204146
1102700244840
0021851613670
1310700162785
5473200002761
1739900134836
1100700896152
1509901586635
6226404278622
3100504089661
1939900116917
1509900812895
1219900467929
1703263027356
7428620060021
2900124274336
3460700078518
3650100516245
1610100065646
3648503050240
6924300625029
3691119812345
1225253637006
0110125372273
5654345234345
1549900248396
1721000012842
1620600062646
1103700016929
1679900140055
0801198200310
1340700334616
1450700036665
1600100489322
1259700108062
1839900189427
1101500631261
1103700504087
1450900094049
0388493499606
1450200006741
1529900664110
1639800107293
1234567892468
0890738947555
2411300002339
0299021671773
1100701351575
1340100106841
3102102238745
0038548711302
5200600045136
0445527817101
1230200051101
1493315413118
1950204020089
0396829485026
1550800036321
0923092668536
1361000134208
3350100327941
1510100139721
2861022160050
0910818441213
3190200122936
1411700196531
1509900986401
1719861049686
1234987654321
1139751139751
1739900118954
3600100486796
1100702477394
3920100421829
4611059801208
3320800022507
1909900460936
1234567891994
2839900039636
1529900498309
8742153022810
1451500057538
1100600222613
3120100473788
5898775236118
1450600105479
1739900296747
4915205234147
1209700199271
8208070454580
3409800120247
2860419244493
3110401375475
3401800047801
1430200181461
1549900302013
1234041842013
1101401054282
1430200190266
1770600159681
1560100343426
1721000054928
1419900207321
5010123301062
4568396853662
1129900234429
3419900684070
5166644410142
1593574562580
1510100176317
1330300192989
2880622207091
1909800173161
3500600127389
0919293865123
1217895708570
1993101561789
0122244036012
1103701456809
1200100410380
1102001286161
4710121218038
1949900135059
0921214344567
3674267372532
9619889619880
4201019738924
1549900329035
1421200003068
0699737215894
1102000963011
0900172888888
1618198900035
1839900153350
3568330267267
1469900061432
1670500017827
1459900342504
0553813853536
3981416525125
1559900224632
1100700102296
1852531202055
3548605021307
1102002062045
1419900199329
1108018062532
1350100150999
1420900156567
1570500100415
1319900243426
1900309104090
1570500153896
1100200418201
1309901022229
1199600087641
1920907350032
3901100145423
1100800614906
0035725338116
9001030154100
6303265852307
1190100052603
1100701443313
2800422060018
1509900603838
1169800076848
0445553822353
1749800111133
2319953282428
1102001688455
1732391246850
1890116204092
2025580122689
7587770051404
1100400319656
1759900180137
1770422370018
1570100090854
1869900021551
1102700393179
1869900098944
6203690870416
1579900379814
1250400179209
6775628657353
0778796802933
1640500065571
2771129451838
0909209007621
1619900127911
1033511314157
1213825102535
0040722865393
1659900316111
1102000935386
3539900061659
1711995715101
1219900224805
1579900390222
1539900328802
1103100418899
1100800399576
1580200006073
8710251984275
2084624010045
0455524232480
1779900171022
2035738141516
2500300023521
1670400156841
1539900228719
4701111012023
1779800076737
1579900383251
1570400028950
1461300064786
1349900076201
1769900299983
1961000050602
1619900115166
1319900247308
1160100261971
0177742682330
5384762913905
1100200482987
1309900093718
1850705330199
8888888888888
1600201029894
1130300119922
1101800548131
1340700240531
1719900187751
1100701474251
1830207105032
1909800429816
3549505064017
1350100245175
1151105054142
1119900650741
1670400101770
1103100465340
1450300047856
0501198701666
1103700428984
3430500298646
4910123418035
0003128148299
1832514753852
1330400214241
1549900270375
1540600067738
3321100155246
1450600029829
1639800063750
1820712420076
1529900443431
1102001064681
1230400043668
1300100100401
1102002222395
1339900119270
1209700202379
1479900123411
1101401167621
1150105040630
3800400621697
0616060120246
1529900250650
1103500022178
5102499013133
0741016098309
1250100238421
1100500337206
0445524010474
9574862220011
2649505010118
5770300042145
9304201076415
1100700741990
3130742810532
1409900916951
1101499017844
3166080264995
2908865478904
1409900390011
0100502331798
1660500099611
1560100176317
3190200011697
1929900273494
1659900531305
1103100176224
1100200649792
0444131081423
2900219360014
1500500060243
1239900142167
0039040224139
3350100524895
0753020105630
1600100501055
3640800019589
1478521231231
7701200200057
3570400134535
1459900033081
1598753215987
7951391383315
1179900089003
1860700092693
8696077324432
5991321927854
1409800120500
1300100105888
0258794613258
1100200870693
0921555719745
2421000022903
1830114024480
0445518112138
1361200168009
9303308686855
3579900271629
0307912850093
1597534568520
0751437615242
1560100194897
1160100208549
1260300052291
9949898561508
1560100130040
3340800121220
1949900107322
1101200191126
1669900093618
0010010148806
1189900072429
1570700098210
1250100133246
1801253322672
1220700022287
1264403062535
0456665462888
0203199077899
1479900097038
1810700001957
1969900137418
1490300060607
2747452302795
1639900086522
2531031234567
1350100239931
1539900341221
1331000128216
0148635789510
0357688951202
1429900078394
8595961274120
5330600016950
4901780536320
3460700278096
1480500150022
1309900441783
2309097710478
1770200080450
1100702477327
1579900412218
1102001777814
0105620932040
1451000162665
9367331184274
5120600015319
1120600133521
1163357485883
1369900237612
1309900324841
3620200370579
1149900181813
1261995068783
1249900155081
1639800070624
1101700116654
1101401846898
1891016324806
1579900339839
1234567891220
1120300063935
1103700708049
0842516780555
2820501040128
3429900047240
1529900606004
1539900441234
5301600018881
1409900472157
7477387596210
1100700532011
1102001373225
1411700008514
1100701749447
1598753698741
1560290004245
1801500050289
1102001459120
1201000016001
1102200079084
1309900236039
2910908035283
1500700109866
1729800004582
1650200025051
0815347182159
0544583961708
1101401580189
1101401597332
0919867481028
2486251654857
1100200114651
1529900227496
0100160453900
4930123102686
1560300142491
1620600067648
2592847972195
1409900882444
4501070941122
1103701641398
0020127515736
1210200040401
3102000649428
5550500458011
1469900249083
4744010612528
1160100262331
1340900095674
1470100188723
3302000017080
1529900486882
3501900519569
3501050623118
2462923197642
3119900438853
0445514011917
2220847504969
3341300005175
1801200089015
2513573325336
1319900349674
1360600123371
1730200094418
1419900277958
1341600138069
5450500092394
0873036496000
1100500731320
5018230120047
1891117020086
4810123315095
1790814200881
3820800087949
0898246559125
2420643918494
1411200100691
1600100504402
7843555225566
0021093151290
7758851314520
0034666237189
1859900017553
1309900460028
8581010001215
4222895874256
1439900070351
1840100365729
1330500164661
1499900064083
1369200025897
9645832517927
1200900154680
2681020323505
3110100462166
1101400594330
7769044160764
1670400087661
2230379741256
1800100141723
1542598648753
1471300013375
4343481473430
3050248710016
5258896325456
1101400394217
0508512011479
1101400619405
9949162904525
6483412697853
3530100673813
0801197805507
3213213210000
1419900218111
1329900363715
2654632735558
0445517456416
5230100034712
1120300064150
0061423291280
1149900206808
1100600280591
1130600073545
1430300174653
4704154016016
0850120119425
8571587015839
1469900224102
3709900021965
1720400002967
1233211234567
1309900352624
1769900227699
6900683291062
1339900142590
4440070300488
1331400055976
1229900325369
2665699682546
0445538971170
3430700262114
2341600016913
3360700274903
0801198903350
1100600285119
1729900293551
1410700038374
1459900130876
1100701430866
3246501040204
1316813374117
1419900146888
1459900146128
1000108296988
0911231432213
1509900755166
3320625931013
3102001512302
1200173426107
1400700124238
2620100020675
0445516931316
5230400001330
9874123789521
7501017345274
1820600051928
1101401297649
3700500262118
7764117674111
1103701678780
1179900146279
1100800941818
1909800001581
1409900560693
1100700912841
1330900192661
1080593010107
1100501011746
1659900290553
1622199200025
1101401105685
1501100095300
1209700635241
1159900190162
1700400163952
1509901101721
1609900102048
1529900712637
1330400113789
1229900461696
1451000177372
1490300045942
1160100235384
1720300050072
1409900382590
0673598092953
0920302474407
1110400066634
3110100343396
0100344381990
1234075216840
2704801977569
1539900453861
1509900702437
1839900194897
1810818134212
1100200774287
0281523773630
1539900319838
1340500145968
3330026548789
8356235347179
3110102279512
1549900018056
1609900225581
0158551897778
1349900337099
2102989455006
1150105070298
1102001395733
4910123418028
1401700120080
8869914421210
3100500012931
0010140136718
0124369952000
1600100363019
1509901064507
0445514953585
1749900122888
0602517050686
5119869761987
3321000923047
1560600057872
1670500115802
3084766012355
0918388997345
1969800077715
1420700006669
1509900850991
1103700495681
0850871285956
2012934176967
1349900551996
0148504010106
1401700086205
8075020280705
1211435082485
0020840275378
1219900424740
0614121178107
1949800072152
1470100112255
1940700007113
1101401773998
1100400269705
3256668525829
0445514026234
1102001013857
1840100521844
7776464980196
0937259981995
1203254526589
1209700339021
2299917032518
0445518393007
0126040134873
0020553350167
1160100358401
3102201536353
1609900128365
3470200102495
1219900110109
1100600389674
1249900102084
4847113020348
3740300355082
1959900303032
6476304747572
0501198702739
1101500342120
1941121080017
1597246583385
0446267413355
2129900033235
1309900656844
1710900125634
1219800051844
1169800007919
1101066350925
1560100270950
2850122134122
1301300120105
0123238036012
1234567891111
0692514488978
1619900089530
1420300089991
1340700215935
1309900794635
3730101568744
1560400045269
1309900003506
6191435254123
0123094649456
1149101010126
5180826361983
1929900248007
3640200270221
1100701183702
1509901394094
3141000035291
0070895755093
1100200443540
1321000201584
1959900012739
1409900255369
3070201444286
0861164825321
1499900202443
1101401521239
1749900193913
1540600070844
1319900228648
3100500568638
0148505060795
1520800083354
3550900032847
1102001651918
4102300009872
1199600126591
1269900104401
1609900099331
3050858380511
0512198300288
6362563662635
1570700145633
1102000831173
0445524218012
1301102615779
1640700082746
3909800816034
1500117400190
1700790002631
2531542531542
1909800411585
1149105051498
1996121605683
1209500006517
2870615124966
0010070133530
1100400549023
2000000000000
3200900510423
1102002066849
8850774325005
1200900096973
2935931102475
2949225100420
1000107831223
3471400110042
0801199004892
1650900091366
1229900586090
1102001040714
1039391291818
3500300238118
4806512580056
1130010240575
2321200032814
9800138962227
1770600114700
1669900145162
1799756424291
6442531975446
1300500050231
1419900313521
1179900120491
1231591709596
1724608926510
1309900628468
1100701352270
1470900072711
2042650294218
1500400063879
1997123456789
1659900325829
0905829303555
1610700005296
1530700067284
1103701708522
1730200182252
1808199000325
1550200044102
1103700614231
1100500096004
1659900020866
1230845799501
3560500445231
0091000095829
9053130901790
1510100142641
0020106898417
9384352638170
3071992921980
0038975827980
1100400506812
1560100151659
1133010900588
5882525123456
3101400690564
2587852526624
1479900206848
0777934656411
1579900234646
1419900458898
1510100205678
5763898108100
1440500122487
7426444883665
1102001453539
0918284836609
1301700158703
0445534466549
1509900557895
1430200190509
3500900467223
1141200057322
1530500069526
1103000029211
1102001625160
0096653180736
3314314021684
1111500200300
3840100439966
1100400746058
0457223959904
1460500134400
1431809040993
1509900911818
3227342965303
1400700191768
0010420120051
1103100178341
5628717123456
1409700105495
1549900415641
2135156891305
1620400199923
0014434654668
1321000220911
1509901396950
1409901333991
0185287945123
1679900197375
1319800026504
2103200001726
7982979161091
8199902241996
1729900243864
5579132582684
0013564872959
5684831123456
1450700039125
1234567891313
4927221287249
1559900259819
3451100610007
0878521558605
0011611810018
1659900387026
4862714557399
1509900728762
2810992484003
1100701258541
1349900369888
1479900112045
4314301091201
2901988455088
1540200057221
3670500458048
1471200173028
3101203383642
4137837443842
4098643522561
1679900181231
1411900099793
1901058991011
1749900442999
1103700123831
0849477618369
1909800577181
1510400112799
1102001939041
3500600102076
2839900040596
1101500660458
1419901779086
1430900160483
1529900504155
1571200047561
3401600725288
1100700905411
1309900362697
1770600095225
0264488940602
8648658568456
0145507020058
1100201197305
4471555924773
1870924036614
1985010900000
1600100544559
3440400557321
1100800598650
1234567892009
1480700050129
1101800235167
0501197800652
0044114276002
1600500155847
0835326231555
5309900061436
3480900040034
1101401438404
2647205010990
3230400230162
1840400038464
1101401108471
1460600060327
1800700133853
1409800175282
1309900919225
1840400061504
1808525360621
1100400703391
1101700064239
0096394083222
1509901027458
0445557460239
4810125414042
1103700848509
1579900060192
9201003502370
1411100106124
0308601951119
1250400279165
1100800699260
4100600053671
1849800056930
1100800687687
1670800123576
0876606617518
1650400138886
1830920513381
1610200034335
1640700062338
2570813322243
1411100218038
1909899022152
1469900135428
0094636535128
1609900119170
3470500416908
6192321721423
1461000132140
0120124021855
3101201805523
6261541821986
0445515242933
1611199225000
1234123456789
0781757223169
1760700032403
0017145739156
1509900525039
1101200238068
1659900407281
0085225763302
1170500034297
1529900197791
5410100029482
1669900115816
1851030070045
3280948271996
3850100181047
1579900348323
3669900002325
1579900260299
1869900218532
0445533028205
1440400111041
1984098716647
1800100234055
0127685087876
0312993455093
1749800064071
3110200037378
1102400051825
1759900107529
0120123346626
1791279271001
1151404310542
1960500156808
2711000024199
1311400053116
1103701944196
1102001656162
1103700439595
1102001088199
2880409060611
3142176426573
1125101144191
8794571992513
1234062627575
3331200218959
1549900117224
1559900138892
0601000153126
1151304210503
1103700040960
9594772513898
1249900204031
1500900107336
1100700732044
2004205981987
1629900196476
1209700045699
1809700011926
0504991316416
1350100188406
1992028816891
1237894561793
1350100164191
1420500010450
1100701035321
1200600093081
1549900184771
1570400112594
0835863392001
7701017340071
8613410112125
1939900122321
1103100149740
3326171251115
2002002002200
1610100052986
0112358132134
0019415871958
1102000744092
6692413862200
1419990006258
1919900082290
1709900295201
1209700455030
5203066692126
5302100044301
1579900346754
1129900133053
1311000127741
9809278427228
1840100381562
1110200060764
1410100051175
0845170552000
1179900042902
1411700130107
0039419121983
1103100318487
1929900227093
2210200019362
1579900081505
1160100066141
1309900592773
0534793762531
1459900020426
1600100309804
0020472565260
9876543210123
2950503330207
0445510161490
0806990772015
7475700030111
5102700001460
1600100313259
1900700126511
3259900001632
1520700074825
1909800567801
1240800058115
1149105020337
9998233219074
1102001966315
1234010220737
1559900252113
1100200346277
2820307371691
3251100497237
1620100066634
1509900572797
9904138801204
1103701757957
1659900337321
3600700005381
1250400185004
0920630369721
1100500470526
3430100357718
1101401253889
1460900039994
1760100057073
3320700019610
1459900141312
0838847515123
1150837515941
1429900067392
1100800937730
1219900470741
1320500124286
5758595352851
0447441216643
1100200724379
1339900210862
1709700006524
1719900123591
2637106262580
1249900263592
0125905147012
0445517798043
0445511960807
0764302822496
1480300120014
1220700008469
1103701117435
1159900093141
0812345678910
1749900166312
1250100302757
1711000060537
0908495188221
1949900122496
0159753268420
9854120214589
7532159852456
1199900173357
1559900106681
1640100056299
3839900093540
3101501903938
1911014100130
1489900161992
1230123456789
1300200120226
1909900362314
2812710870007
9494666815241
9541287637541
2941216313537
7898521238523
1360400159029
2569225330070
1101401081883
1339900196282
4463501011739
0921367849145
1489900103151
1100200614841
1102001614401
1151514920913
1229900389456
1101400762895
2310986450021
7918765321689
7770871359672
1044922010133
3759900351124
1449900137421
1130150122567
1649990005616
1959900340736
0445515283811
1931107393918
0033630188623
1101401815488
1869900065833
2103369454522
1300800110256
1529900396344
1509900649501
0801199004202
7951562341993
1103100253024
0546494375400
5608402309001
1500900164372
1460500129431
1670500134211
2560100022571
1769900161591
1809900317077
2484831815987
0403529474123
0919576712239
1592463987564
1101400469266
1249900287327
1349900192945
0096773156749
3539900279956
1579900157218
0445518513740
1770400020434
8302017490002
1360500159772
1101400885351
1329900233188
4102400010830
1100702406209
1749800100361
1419900180482
1320900194711
1549900210224
2056789004163
2209063723874
1180200067149
1719900082984
1460800038767
9789744085368
4810122518091
8810268830070
0104833432010
7611812537660
1460500126997
1529900338387
1509900574510
0020103614615
0656623364241
1209700528649
1841500125360
1119900426956
0113010126025
5102900006686
0542067079054
1235813213455
1100699015411
1747505020128
1340700076072
1560100336713
1101800364951
1219800159645
7470430365880
1101400948034
1909800629068
3200900218943
1819895338394
1100800429891
1880827180027
1101500620189
1234094349528
1160200075699
1409800100339
2629900017286
1130200125057
1559900237521
7996594882255
1409900433046
1920300070535
1570400097731
9415914005101
3401500872301
1100700888231
1229800062170
0315213915217
0445520665577
1269900052214
1610710780008
1769900280450
0851461122014
1102700317863
1287619317393
1100200677630
1100448810448
0221812122008
0445513455924
1461000112017
1702199516306
0954526358741
1440100010805
5110300017642
1449900283818
0872793946101
1579900250234
1639900129051
3393125675075
1909800379452
1712200515992
1559900152577
1329900352870
1209700294010
1301500148186
9697514523519
8903231112765
1549900203147
3321000045210
1909800479198
5540100020000
1533031288007
1700800037270
1880216226192
3309700099522
1234567894865
4720565700635
1410400134301
1670600116631
1223158042094
1460600079851
1403825065174
1100800405215
1251000035995
2321376892461
3515264759486
1453421534713
1579900315981
2801127232848
1451400115498
1579900551498
0506988490017
5101520253035
1309900776131
1549900257531
1629900178036
1251100071071
1305446239322
1409900525030
1450300042960
4563215632156
1161351611161
9586235124875
1670400121274
1949900079892
1410400257691
1673498522009
1234567890147
3102201916326
1301500121342
0502354985050
1440800093750
8420444658604
0147505030600
1669700090836
5033921201114
1101400402759
9412219531567
0920150309921
0034600718144
1460500117424
0921580529246
3300100627783
1509900228000
1840100502173
0021622654906
1249900155838
1100200228037
3400100070095
1100500306815
1860700038443
1670300111587
1409901015043
1100800804667
2522271123456
1479900103950
1200900142941
1103700007385
1579900428866
0034667868942
1620300055491
3730600278148
1103700241779
3101203306257
1450500135813
0865585002211
1409900029474
5460100001235
2928441902253
3639900082167
1499900102571
1610600014391
9685996859123
4904106001054
1234050377525
1319800045754
1909800628240
1429900127557
1909900170156
3449900233540
1340700244501
0551006501234
1160100327378
1329900249947
3102201073680
5852625389458
1560300152616
1319900148199
1940918090032
1103900033461
0123152151214
1729900165821
1209700434326
1101400752253
1840100309179
1369900310697
1550900046221
5185065129243
1100701107437
0445553529172
1709900264632
1809900406428
1103700571671
0105464319010
1200100636469
1300900143008
1357988546258
1101500681447
0140473913033
1509900513529
1301500125496
1909700035573
1100700137855
1309900356263
3691215182124
2104517345003
3110300374902
4190635334987
0230502337478
1650300007003
1419900184321
4103411112536
0499653564102
1660700061137
0894507942431
1101499023658
0016512460374
1579900268788
1231231231234
1100700905399
0277072766581
3469900082347
1910400041553
1749900172991
1430100108061
1600500155502
1401600159669
1840100232672
5334221234555
1200900164796
3470101149418
1993088097242
1430400107231
1539900192641
3309900559578
3840700120286
1234567896321
1567951852123
1102203306996
1420400051286
1909800277943
1610100076206
1509900731658
1100700965464
1110100148503
1309901146106
1350300119424
1250100161223
1725760241984
1450300048798
2140600016574
1593572584560
4514720301500
1659900276992
8205125660081
1459900182485
6920788901952
0801198503552
1100701279807
5601248505019
1301800089061
4810124309113
3820400118804
3160300311285
1349900291790
1101401605114
2309065110635
1530200004551
7758258840311
2890617450050
0445514680554
1250100038171
2744573270296
8214911010786
1101500356864
3730200074421
1710100082523
1729900079142
8608195992901
3920400404806
1101401394512
2796164001903
1579900377935
3249900083175
1100500454075
0660174102528
6114495337791
1219900201601
1490100123192
1101500332116
7718811314520
1101401800049
0870891337691
1100400003501
1480800098484
1249900241211
0119613629714
7856125201314
1024131102431
5640690003213
0013103082062
0162016201623
1100800834922
0801197914290
3350400665095
1209900009017
1559900221927
1250500122594
1200100294622
1103100296777
2382651212726
0114753218514
1430200194610
1620100165462
4810124309033
1650500055150
1969900182243
9588679418594
5029138005003
0102293433852
1779900118385
1559900089174
1209700331985
1860700042165
0075068414328
3340100331116
3530100163301
1103700608842
1119900210139
1409900571201
7887798581418
1659900437074
1509900644631
1250100227291
1579900497779
0555235607410
1709900121602
1710500221440
1101401575975
1460500129341
4229575426516
2634211994369
5200600032301
1419900045232
1669700064333
3310200552548
1620400139408
1100701659723
8285664221391
8129780864630
1891013303705
0903293924848
9221768882256
8241659234297
8012565742265
1851231191636
5331693120574
1459900301191
5920290000290
5469900018637
7256214161230
6718520198917
5454236507080
6451256162009
8887774443331
9011070862888
5055517921212
1349900148024
5062407291994
1986430119911
0916810887520
1988517414100
6223000260260
8003489110934
8809215704536
5570490019494
9396101701230
6272397181996
6767676765434
8803145201314
1250400095951
5050626197100
9780415262699
9731969130837
0007194743000
5457245781220
5911325441369
9617558221560
7894789456123
1529900421896
2929042632354
6660741716641
7894561231998
1989161989224
5826966673959
9789740116554
1909900421981
7747245263698
9557046000293
9479573123456
9612688125312
7412314759635
9308211268178
0011005201314
9941792558354
1320800032263
5100500072264
9730564189189
2603987360074
5591733482600
5311490005691
6991421481536
6645774896116
2572597257528
1989255201314
7501020531152
1100401413341
5808512710517
5840073123456
2523442134017
5100599133066
5570700116008
5417197485188
9306105201314
2858280080512
5254693852143
5153595751310
1728839445610
8105151122612
5521057768180
9603280225413
9018911120406
9191413151187
4961359112073
0899159597788
9964565544789
9749501300887
5360500012502
4875031915604
1349900046329
8817711314521
5384008453592
5208106999999
9509135201314
7509054013110
1670400084981
9959989254111
1987106320351
5517360722818
5749857102030
5540902909300
1339900181986
8521237899510
9841415902480
9780385527132
9815125349009
5301790016167
5454564565615
1639800010966
1929900307992
1503198901116
9663696021991
6543210654321
6500057662501
7895123951753
6082523150792
1100500761016
5940279206095
1987082765915
1346795852456
1101401207445
9450055874123
1509900698359
6661118508111
6528025861251
5201314830511
2987000000333
7896321456987
7902192711977
9309150850058
8456796301311
3333333333111
5572518596325
1420900157474
6135208996469
1352528001276
1801700026535
3909800418012
0509104155663
2532015554405
6910807989898
8705065780807
8748812055219
5167302022008
5001343088328
9267259181013
5201314199526
2725035220116
9105103791214
5217702010812
1300200098085
1349700068949
6212280636208
9312190353798
1475963148635
7272508134959
2646501010126
5042167815373
7588885552333
5500790001388
7573447573398
1610200035471
8422604872358
1101700137325
1100501059951
1102400068094
5415627199023
9780002553353
1969506022030
8419917052105
8411246553598
0862422165012
8811095875243
9118423959118
5116320220212
8424682477398
5415128919960
9789749218136
9301026800099
8412275201314
5550897749091
1100701341928
8701091235226
5004063001057
5202222536618
9200619946527
2002035643762
8010241201417
5100599051515
5034821010001
8201045005085
7890153361222
8249536708431
9602160180204
9290013513690
5627234192530
5501090008445
6113769402809
5128745126939
2621276404455
6819946709093
7845120124578
9121991651990
8092450746538
5353595201452
9788797899987
8349988000629
9125689912568
9671111120993
1809700153542
9210215531014
1597532520053
9876532610014
2691500051787
4515603191126
6619885121991
1230878625643
6500972053489
1992929191101
8963551002046
9006098910134
6280666346411
1245768009922
5102521229142
5201640117829
1987914350104
9309170051200
8205017555556
9429647391525
9331281421422
1984731570624
8988802889977
8696082758879
9812117572445
8098090772288
8524697130052
9812852197800
6300123456789
8844750103131
8912220936080
8021081930218
6568974352563
5360500019841
0101111112020
9988775533110
7898289180406
9110042201991
1929900264894
4100900043492
5555516508222
2422242251234
7216545362189
6015905065128
5982280311309
8856038008518
1987211198721
1987991987123
8602070850811
7999520236012
1103700024859
6263644221466
5115066001120
8705510060231
5010123431047
6669729410666
7482654357159
5015053001060
7584788774474
1376074050011
5023000039400
9915021990452
8508275997452
6218072735632
8426871397139
1959900085418
1232554811000
5200600041548
1400400131123
1634274538569
6808057288775
1593571234567
9102160315088
8867879157100
1591591591212
5510018201091
5162386520552
1600100429419
5114456122534
2305185387380
7717108051600
6104601105581
8543381456321
9009250154522
0726290586368
7501017343461
2803971385009
3640800304011
1973461973465
5580700002461
2510019928307
9780141312125
9680427112007
8246134679825
1112900662596
8018237626407
3102002648895
9216215141123
1601198920175
7894512096354
0105099980506
1369900221511
5218376711968
9885305521697
1100501029190
7916464020101
9010291478888
9780313386046
5919898102000
9078277502294
1102000365831
9949044111301
7660562210689
5762121769205
8630784044147
3730600175535
0111197827800
7061008403286
9876543211988
9763456266575
3649900216309
7328639791108
1509900399874
1530899241355
5234053123456
0412904812751
0817864120555
5972852731990
5630100002264
6983634591231
1389579271900
8701100157085
2860902430049
7758851314125
9199064201220
1459900138028
8401000112380
9681822761990
5033100504489
8909900000070
7867891090500
9924581618098
8297310801980
8494684764879
9132842209284
2051075942486
7003175320081
1580400107345
8570978000502
1801300117991
1871004420021
6181941474961
5966960703048
7724348911746
9012170256622
7777777112384
1100702416531
1356956059123
8869100237403
9404988120490
5902031025720
8706369215487
5702012014079
1760530054653
0070244820663
5323300319428
5248268301314
5688911199085
8512235059082
1349700067527
9241572901234
0527247510978
5904149001001
5115320234132
9108272727278
8116162512965
1989915513630
1821289041422
2468101357911
1250100275342
0018155977516
2240044570555
8613565930243
6285720208945
8203195313087
7551318106755
5051008230826
5556496437453
8570124578963
7771234999713
5961400405792
5983682688080
2412587830215
7952696524168
5253106776649
5218510261202
8319536561202
0859312124789
9897441145218
9715419310885
1395382461411
5310900029224
9208185326800
1809900107218
5310700099504
6619941691992
8411108231095
7810061069818
6518994237066
2432026106523
8912270625126
5431300000268
7851589632652
9241502218989
5010123315021
8687196965831
7120287273456
7501022457845
1309800158621
5201314894677
5030123418070
9781177375504
2448505040013
5670100086280
1158724251823
1988428198829
9431059654123
8499070130922
4243424355555
6562395612705
6642360300189
9078541632709
0141247030974
9405300283212
9700231073011
6127895251550
5333963244633
5449050450097
9010261156773
6121982007325
8502023501420
9661727953389
6507194231187
5953626546456
8470188000838
7501043500234
9556072010184
1659900248042
0277102242224
1520800101425
2526764840819
9615242566120
5494549419887
7911020568199
9823199300029
6914346195442
1102000260494
3121722107711
1200600103478
2841602716995
3450600466621
5841163000018
1103700194843
7501416900609
8601256127123
1983075584251
5350100046434
9517537891230
7896321459966
9106200047088
2581996017893
5100200125591
5583719963852
6526526521308
1710600100105
5839900017793
9203255838231
9686710252410
1984101913579
0147604065325
8356223736423
5130600029433
6469247231402
9732787296321
6323627798818
7418529631230
1850924324899
9140432367472
9779841490735
8571575062860
8330465198414
1402992450066
1985630274360
0096333220221
0224588270184
1984907123321
5285465195735
1411400084754
1129800003391
5419990000562
0739322470550
9632141475963
9297235126342
5674324351724
5810042015955
7896321478963
6381216381286
9689155188342
7619438528426
1991051291011
1931918193777
1102500005213
2002780542056
8988556598745
1729900081287
5110100021514
9121522520913
8908186457396
6486627080693
0013004620000
5966994443378
5438919154325
8705315199089
9437152410201
6644000317553
8807180204083
8039202008668
9302171200141
5226146613899
7894561233210
1921230943911
1398537777988
1366367194536
8341601989525
9008063203244
2881471123321
0096394442060
9743441304616
7412314863456
1596235201314
8403250930706
7121271333557
6431163012262
1120100029601
6823553123654
7135729741852
3402200326112
5211314211314
8425990080351
0313124520968
4973612508601
8257925414340
5451100017540
1900625625625
9632101551987
7501035914148
1891203134170
1860302225909
1100700261955
0549646860575
2822428501233
1129700025711
9804710506972
1794283153609
8102303340758
1101400230982
5849504792002
6886397198801
5174771050692
1134206569617
7501025511005
5579041852369
1100700747301
5454511545411
1149540471351
5138693771513
1909800481915
5310100061662
9769391210992
1221221598598
5110122113031
7539518527913
7501059312128
6540899138941
1101401686076
1468911971312
8926222430630
9876543210504
5800100001835
1983112808856
8410009300181
1537158215211
1445455445455
6224032491970
9780253203984
9210221992009
5200285485782
1309900090131
2684119933500
6080824244484
1969800051716
5789654612705
7479008970352
1409900674868
5020069433210
6426441855262
9602022004021
5554443331314
7261645563967
8310081020491
0009627092840
0570271820570
8101015118888
7002022123456
5517199256030
9210326125456
1395116657123
3100503434322
1987122988271
9999999999998
8093999229560
8404295113084
8205149167349
5895821093359
1959900125649
9604218551233
5440459150692
7758521128108
1726260350618
8909690140494
5100620012532
5330053702562
9339738988729
6944563356147
9780521799980
5273530818988
6365264272811
9627888488310
7248870572724
5150011987128
9904981821707
5410890000384
8008203939889
6969424211911
1481000003960
6786181902161
9654759153500
2540910170360
0860451880123
5913545575026
5609990009321
0135051233748
8410396712312
9511640666044
9700201852004
3102201157611
1542542489658
5971288148026
1929900369491
1389544565456
5201314770880
2883612778897
0205571135402
9358693601793
1691417203134
7458815111033
4250010912240
5702752185252
7426170000027
4781425494203
5450100034681
9162069194333
1989415850323
1102700581129
1840316044881
1235145171437
2004348760701
4819353450608
5036094029314
5101500017396
5623148285025
8517967953313
5010123316096
1759900181834
0905985301029
1986233753035
8897987654987
9948338621079
6281020101111
8470588000835
5211314709394
2823431182810
2525265731720
0904005197503
5540200001112
7076102508353
8605967871115
8100022528898
6794242542678
9387445462907
5440600070252
8717644013076
5216116937667
9876543210147
8803107722721
3401700765753
9811061654100
7412398741236
8851104381272
8499988016575
1509901349048
1234815162342
8956821777373
0819308045123
7408623083276
8426154963152
8298669162010
9654821226397
7185292830902
1341400120158
7501086801053
5913591572764
6901028098125
5530500137397
7896321456852
7894561230000
8118918976215
9789747537925
1599511599511
8209210114087
7884627974827
1986881984515
2713177272829
1100800352863
7198920556713
9419772931992
8710230162089
6685677727457
1989818668886
8401010021089
7481351185118
0409996335106
2846913759383
5060004691081
7203188100200
9111632325243
7788521312229
7501000660568
7708801354520
9021044563214
5201314100200
9941344973042
7913361121427
6020053275253
1101401671575
7501086801077
8541195153143
6901028028134
5770190001181
1570700089504
6329529291299
1340700047684
3301100162111
1346795825710
3509901006996
9858060353811
9638529646347
7442311456789
4992102602880
8009763669344
1781229080081
6272633551988
5718962341014
8459655363266
1990526318136
5700590007798
7896052601387
2077113961105
6836544881989
2500700199300
1860224271063
1370005201314
7895214789635
9876543214321
7412369878952
8409220237080
8000501200458
9949716184866
6008475218099
1982073048201
5566441994199
7893691237410
1579900299705
9410080815818
6281522646120
1639900059002
2849513160115
7985798532321
8147546392551
5369978552747
8081058230337
2760670084556
5100200090909
8523341798838
8426759130617
1987303020994
9407311510295
1100600024757
5570300095933
6868210200472
6160635209111
5940200025344
1710124054661
8880408533780
7451343951026
9619911641991
8609371130928
1986326227543
9780511468339
5556443235432
7897894563210
8725481853691
6050264203516
6864440290069
8008192408723
1151105080543
1120100128073
9947601994803
9109281814015
2689424860181
6257426124163
6120434261987
9491956970321
8594809880927
6565651765176
6011811860005
9818237418188
0018908285219
5323789106312
8805270156031
2880812205586
8767821779268
1982031780110
9771324347347
9328061913926
0850050107630
9876543210963
5453213386776
6924125051195
1101401105090
1987060533140
7652486568425
6403097181523
5121234811018
9701204231329
6639273662175
8395623546789
1120100133793
1197201186354
1102001535888
5201314129427
7894562004987
1100600252164
8850166101415
7702124011124
9343709201632
0810989480008
8185128722109
1983125198964
5901597868613
1419900491429
8412032035698
6927999000146
0219994402253
9780415520942
9201028626711
1144000750408
1100800683355
1959900168984
5620390026919
1469900257035
8812155341292
7997997998877
5100299050394
7894561230147
8524565556598
8149814985926
5845306344822
6639279750797
9503031208786
8802144116977
3340700154479
3559900113241
7878096476410
7788993162044
9718315452643
6835028152838
1538530494325
7764112220119
9941522322495
8754600216097
7132282132532
5530300023746
5201314919188
8604051031117
5411600014302
1134049966445
8809033542702
9281308016101
5451100037362
3753159852456
1840100289518
7283247214350
5377406281283
6516795909332
9811554123323
6473742130050
9565215221917
1024064214054
7066717031034
8431923720106
5726105111011
3350200068743
9105040810223
8850175060024
9638527410456
0919369889915
5557894500123
1357900000000
6451650931973
1100500614315
9256895223123
8540489276502
9905583202040
5321000052298
5165140110627
5203070801314
1102001394087
5571000056984
9778562163113
7112746121359
9788212206830
9127679053509
5992246137694
5698855713052
5050239600952
7364105400321
5560300033172
6440076200100
2841987184508
8809082240104
1102000830975
7481592632828
2202413718358
8904075063189
9859859859654
9392349142119
8787025398030
6341330190807
8432123456789
9405240355822
3629900115090
5472995766911
1989218766306
5107081001115
8289430960625
8603200092081
3450500302058
5150854129434
7788131001092
5330526995139
9353089265954
1327134366337
8945999298884
5106230278855
7865934728821
5604713001207
9337735591976
2309275866459
6665672040159
9303330145060
2011322932217
9674865626388
7501055304721
9506166895773
5101500031399
1509900828759
3530400036355
5009090001040
1986415551628
1398658114614
6282815020310
6092623415123
1850727055099
1991758302185
5519911581991
5289728594008
8104162024712
9590451915525
9589566357877
9307247597949
5609611430676
9517532468555
5825608761543
7997978811271
2516475713055
9332769123456
0056231069123
1795105630394
5040110772729
1111501236227
2663658123456
1341100155339
8890435510059
7501020006609
7901673617822
5891415623107
1209700413973
6085725009606
5043262343837
9900069919934
5004063001007
5004063001004
1983916348392
6141437142509
8531910837531
9405130187522
1230404736564
6910165075080
1129800004855
5421100017540
7973197973197
1180621025320
5876423578452
9517534568520
8853323005427
7619833171982
6612921439431
9205838842069
7988211994560
7369720161280
1412135621732
8298504303819
7606275154083
7771630165545
9407034385422
9507290556980
1650904192463
5101700101269
5471500007886
1420390009444
6052102151685
9999932159485
0115072331601
5873256907305
5322358963147
5010308198720
9415506012609
5550500678762
5570900053026
9789744896155
5100900028319
0243740698040
5130300018398
8841257253813
1990082354543
1981511978916
5748950192985
7861000130349
1996052852146
5860100026773
1531406252345
6116632829363
5002763562210
9127282757630
1149305013074
3910600036177
3800500279028
9616702223431
8513335734961
6840510146205
5825469517530
1200100504368
9949702455943
8714214002539
5201314841003
2118307575181
7898521475963
5400600003423
1770821054692
5810400024156
8654656989942
3800400565339
1880630313521
1840607450011
1987112319422
5321123581321
7791293009186
9555436000090
9526641388114
9617237317453
5520190036059
8903098455685
1986919669669
5209119880916
5571000086484
5530147852852
7091795417331
1550400036227
9301230589113
5919503100129
1919900074149
7501380700014
1775775744511
7879418302823
6320888841078
1560100346492
8255943852951
1132553813013
5601100020476
7728821314520
1513128413750
1470500051105
5110500016941
6612814631216
1988828880119
6243307224663
8611062561671
9780199248131
7986195566287
2510858328467
1579900392349
7119921485123
2905982482011
4216514713690
9110102221301
5620500004418
9036412201293
6228831452710
6364349399342
1100200681424
2332153794526
9946313315976
5921784861029
1988106238672
3003212356022
5133145020309
8104846609901
5201314520520
2582582513148
5201946010022
6390617421641
9148863491987
9290587714027
2587456321478
1118671388123
9770858147905
0445537295946
1840100253190
8233245414520
1628753295803
5360900006607
5970584381986
2718002211800
3400500352314
5626278678536
1709900727829
8604256766959
5107081001154
5201314880222
1100701399241
1141399000303
9862157788591
1219900452506
1496752854753
0096652725573
8900186575586
0018322478134
5366273026435
5191989141989
5201123012504
6351843587037
0445520415260
6043317430270
0034676243468
5841200030919
9884521477777
8222707501995
6376682119478
8402588021298
6571571074591
7777777121095
1992081601319
7852385245603
9781851284269
8901312902112
1748007780131
8303305211314
9120185953386
7501369812226
7685175721077
9696434054921
1103100064698
7396330211990
1454245142512
1100300083898
7125556123789
5215212121241
1100800421032
8159511122626
7708801314360
2981181004161
5540201040200
8838835883131
9309112228727
1840115030019
7708807374520
2901819461327
5213271458651
1919900070887
8524563214789
8624862486245
9209069554983
5570162557374
1986996121181
3851589665513
9517539517533
8711894037073
1102001060961
7895123852953
8903066963069
1880730323952
1870107291083
5678492253146
5578778557123
8409085201314
5895030121684
8794571991234
1199900212441
9212262445789
9913017210947
8098093315706
4512328660804
1024621040065
3410400979501
1550700085924
6422658224925
7131234997713
8261649561488
1330124338890
0703198504112
8804116217989
5909800020368
5411717091987
2648512261802
9820336810903
3201049449277
1100500142677
6362948351996
9384088181604
1101401810389
9015526681051
1608922892439
5470100086061
5010125410110
1111111111111
1346798520123
5675722123456
1749900311339
1835879432476
1360933337234
7799601201314
9674442292960
1361302342219
6843211729883
9550441008378
0208988388955
5605955061405
5320700303596
9936090607263
7215207758990
2958286821030
8969514123570
1354624301992
3100602864236
9845654983341
3810200009424
1236032312771
1340900193269
8903290096087
2441969704655
1880319142621
5777633122805
9522136034555
6865141301992
1770600137084
8305161169711
6261640511213
0059322664928
1349900022691
9919682010442
6066974074351
5250400038225
1989819881967
6930045301012
6256013617585
7598636552411
5100300003242
9949363413514
5411500044617
2517148208255
9988776655443
7109308130708
6205688005500
8803185861036
9916435740269
1990314520209
9036141310321
6184359608610
0508974434001
6366427243553
9207246958701
3229219764313
9692774016883
8703235268914
5201314520123
9770864210887
1477411986523
8144154582374
5710719330388
1509900140994
6086155453521
5435912004510
0611991387500
1701212020051
2382949191956
8801106200597
9317785120306
8246006350186
5450038110110
9612217165086
5100200133756
8648253101998
8298299936021
6732065236547
5257542286969
6205073916553
6417159516644
7220142355270
1612535926538
8138231121996
5121000040340
9178372209539
5660372171994
8908989630909
1579900377706
5634045220593
5112099001147
5359903494225
0126062012609
8626393766269
1420100090405
8679548412312
5530600021463
7501073830509
7501013151039
1929900263821
6523698741254
6278011990123
0034654472594
9511596321123
5361000047324
6693655555555
9306111588722
1989092950163
5544789100437
1900320314050
5349990018233
6939377452012
9780021465613
5550871891189
1639800130571
1830300066741
5021400359901
1880304336525
9595824332527
5314778344391
7161831973177
5109103001071
8210182145801
9789580436348
9336587452139
1460200039312
1199003150017
8904215255214
0103975661262
2179034589834
7922580090435
2398928923828
3570900477008
5010123418122
8867175021404
2703984484028
8810552210144
7770905015216
2677246776592
2840904055103
1478523698520
9002016671016
9748501302580
7226030464743
5976884360325
1324910964000
7120113630559
2001213232313
1760121020024
7410963753951
8702189902678
5341869940428
1988919222312
8030929897329
2332330301233
9175635512304
9112262014513
5711317957140
5659352690101
1920110011151
7501048782031
5602606175009
6223520521639
9865320124578
5340400019726
2834331033298
5710390029526
2009901551998
9710852721667
6842663812345
8852888852377
5304197082127
0126549654021
6463664955555
8095695030123
7900252831234
6633049800913
5120100080928
5610405060203
9116111462911
5909095078009
0225542374146
1509900929865
1221010123986
8051600560905
9207253775011
0703972182681
7758521521521
6654455654486
9582910202041
5560600024658
8708140355011
6424355322779
1500692531199
9140460684540
6329517840217
8342359070666
5152304031125
1987996256726
9999010007782
0445535010559
1560100099746
8384786287474
8382643020590
1560100110260
9634458098503
1761203260013
1311000105801
5538182689137
9779842146170
1801400109231
9444413859143
5379669112991
7410000000000
5201314161213
7501064112546
5554825926317
3209900172275
8528528528520
5555774512121
9882993031136
7779533261419
5748716771988
1021354710213
6324768737733
5357097901544
1820915450073
9260535753589
9419855152004
7871425364900
7415953789852
7871673960991
7501362620088
2601963214789
9910189424619
6051213143344
1598536147102
8565452545658
1471200177031
5971296850623
7238972389123
7870122412003
9991502047612
5572302421656
7895123753159
0412334069919
2791018410091
7811191674213
5601100037395
9684076314410
7708801314910
7937383673528
9789740476184
1839900159145
5319896191974
5533028797468
9717856263569
1410983820066
9510222437606
9949603413489
5720700036240
8110227721718
7895321146987
5513206071991
5878527823474
5420700018511
5540290005261
2333333333323
8559869723005
9876543212527
5621536241112
8003612184644
1509900216796
9508306875265
1560300208361
9780736046312
6963486123456
1385982253832
5210123418066
1870519080082
9206150899871
1989317871209
2333984321590
9194285932109
8154815162342
6465583051992
7952563526514
7901186331975
6130962659644
7558480074470
7735414615438
9712177121992
8209247182670
5752129824444
5670100066521
5271206103820
1971132671903
9505021201500
0711984100039
9915511465238
6901028065177
0625555555555
5000819819819
7102534412535
7891238524565
1659900351471
5205305708388
5201314520025
9506166893773
1100200614034
5287455498251
7785778519247
5836343696950
2628401930704
7708801314420
5199600021350
2109220739562
9119788667673
5201314334499
7501055305247
2309989450156
9008161550180
5501000124041
6161334181972
8802203081662
7948652133123
5113087001172
2019982791681
0579900402093
5010814698697
6810012199276
9317584840024
1122334455661
1880401160047
0511199001201
5650500023277
9236812559420
8007040105253
8489988001101
1560200003333
5201314334488
1173117611119
1101800392564
2392200403441
1102000990379
5919901181992
5638374638732
9131993600456
1197960121483
5540590008681
1246197447925
9519110204315
5547613790205
9781877302367
7531598524560
1450200017891
1984618822926
1122336711318
7842920895522
0445523348095
1287872006165
7531598200004
7795878784547
3850100273731
9210156617623
5642315167871
7131456189226
1994243391342
8194826738581
1234919950921
6863005111687
5107001123456
5215345215345
1980818200022
9215175965165
5421871012492
1593575546280
1982881314520
8680505383853
1326146891352
7134242061007
8008993300417
6930808146469
1409900747768
5230400001331
5672411603610
9913244512345
5126119191954
8424084240129
9505101697021
9219945380302
5549148280504
8507255065084
5945273140204
5710390019415
7895211478953
6208402020302
0006795444000
5431605622463
9602020145012
6095279764123
5570100065011
2641053253009
7702001221614
0847089424722
1988215198891
1101400706286
1988071200510
6284279735363
7836104506993
1540500045856
1988121210896
8704262353317
6545332387891
1378504343258
6402080123321
7895123753951
8805125201314
8799715123456
2627198020067
1359662047725
8709234857099
1379964022300
9305053021111
9919739646833
6543054639022
9517538524561
1309800068169
5285821547481
5195197422560
1102700284205
9255783051722
1479900138621
6261402904065
6612175211314
9704090080455
8708315201437
0010413361722
5701331005287
0018322743538
8820232981250
8993899387712
4904810459996
5212028551038
7501585590106
6826735050704
1597531236987
8909087285487
5205201314520
9411250619012
1509900288924
5895539914902
1341500086105
1981142011921
5473247547547
5411699100016
8320619484121
8898984030992
1629900141604
7274301013225
5648359709021
1100800611117
5102100006061
0000177283117
5213578900123
1579900190151
1921681231372
1430300150100
3102002083823
7231278963123
2566525681131
5815966487706
0230601041084
8265605628624
5450700051659
1990050912553
2113218512121
6081404443842
8691946811481
9330580644131
8210097718745
1849900105193
1943790190634
5010125427005
9517536842555
0902991727217
9784618136754
9940540440337
5114922010114
8852469933317
1610100056949
2910723250018
9012103344125
7531598426555
6104945221753
8526542234093
7863858582009
5406671789528
8509110073089
8710878013112
5410100047839
1101500710811
7087873444236
6368630123456
5039839919818
8069029533375
5201303133172
1099511627776
8719813811523
2359671325595
9351367809147
5126126563483
8729737270893
9639635789963
9886190205152
2094248450001
7506305425521
8855112017215
1450600140983
5620590017638
5209960132132
5024364791791
8613593441926
8854392000610
9300662014959
6324115089899
7450750147258
9990905015216
9004305175943
8114501901994
9780618626762
5630700064422
8542844010484
1509900539901
7708807080520
2890827205575
2900128030507
5819692324123
5400400016769
1919147258369
1530600024729
6698660694120
8851553152287
0896914726123
1986775201314
1100701315307
6120185559180
6092788725439
5360400032064
5170699009715
8909910821314
7514263798426
2806961231011
9434409083678
9780819562609
1129800004111
8981209890531
5430500071729
8095217134542
5550500575149
9781877326431
5440573921211
1970614200231
9000246009717
8101844122928
6642344080710
2340987878276
1718704941000
8789621962127
9169679252308
6452662528111
1749900202246
7419537418965
9902994815291
2311199457290
9995857643152
7810992071389
9789722563210
1987123396815
5201314202612
9909034277385
2860223190449
1870811297291
5720600015917
1101401657564
9975504243677
9938092308616
8620001561986
6673175211314
5523587170124
3620101225694
5385179658194
1349900323446
1990100212593
8812184110104
8851952301309
7970259159123
9331814437774
1931213461287
8610125047082
8570985011646
1451500031491
5120100087108
8985489459854
9606279535546
1409980366609
1004200335000
2172007301180
6785028095575
8800571860909
2534042715253
0910480334789
1987619198618
5282162144848
5454124144463
1100800474951
3424196970230
5697234879321
9894498071990
6631472288198
9779841700944
8857751314520
5237115201314
1529900799554
9364236335381
5361300001001
9781598169256
9517537419635
5842013143166
5989563200147
5930378868813
8311171151824
0024911225704
6900453322100
1023885327021
6272435072416
6710314024110
1102000919631
1709253415311
7412378952183
5650600049944
5010994645021
1363011381455
9876543212006
5100399001999
5120029578456
5410100140936
1238121992123
8189493913255
5321100021718
1995123456789
6274284286742
9800269384020
5779317230184
7324131529117
8212301056020
5110111228016
5341590034749
5555667889183
9914461219017
8311257421210
7058361589021
7764919201290
8571084145744
1639800078595
9789006712345
9429249023026
8571384000454
1234567891975
2232965052790
1987129821314
9709191991997
1100700844471
5849964271992
7140523569714
1380017963456
1600100071972
1302707165186
9583762014123
9203100154891
9648300306756
9121522519315
6822431225677
5108865405006
9212604248599
1230108850083
1033656295629
9696332969632
8096000404040
5240082870322
3456098765432
5140122113021
1103700145893
6482546195468
8175300090551
0337851480113
7214012847144
9779778123123
1928461321928
9510072151515
5100400023695
3470300293381
9322204321521
2930409190443
6641923784410
5846685846685
9996667777777
6925976331129
2365236584141
5548098931520
8333278124510
5851812131333
1120600016312
5472522232421
9512252236413
7713821778704
6120020612002
8292632301992
9301202175329
2840815100182
5876564177989
5620300080404
5997140071690
5526539250013
8888866888885
9625652377236
2421100903156
5200600003123
2411900003085
3670800005022
9431678464190
5600100044153
1250200149497
5125268241112
1986718046163
6742451302359
4648107502008
9305090164101
1219800167818
1510500041851
9876543011771
9210071162724
9202095009083
9648756974123
1154385601987
4871100830441
9125381211952
5010955211537
5172747331218
7895231837952
8905066075557
7501020512212
1430500291432
1729900124911
1430700038871
2385753881979
9162083397303
1998416913841
1009287903601
5570700141215
8106225756750
4810123432085
2571300006414
1101400272723
7862129456654
1000000230220
5200106602696
1100701523449
5651159120705
8617624532980
8910527654910
9381078400497
5670600047810
6445269230390
5730100034823
1103701615435
8611016734401
9915603957098
0446641649775
1940400050978
5801969589883
8154321558771
4938638880209
5670200019240
9874123696852
1261988332305
5018031310336
1141200078150
5238421121986
1821720304050
4890104782232
8471429241749
8851019010113
7336429725642
5262525055252
1301902833988
8519851371986
5656121474223
7405202121404
7890877364123
1129800008621
8524561597530
9102621012691
6246241979628
8532104529136
9988776654321
1570326305712
4198300486200
5860300052387
1529900176506
9501162035313
6436172951990
5010125410083
1820323160067
8419928692949
6749036607297
8237320118118
7152649752442
1012221527425
9366244997093
5550851225554
1111648791378
8612090051081
1509900193231
9908492303339
4000840957749
3409900298391
1860236307171
0919428683823
1860612324801
2917364507148
1982410320324
5007013001239
9789745009615
1103100221971
3341200013427
8691637020107
7789556321416
5162220243918
5964258911763
9626731230171
7704226151126
1129700020301
6589321478965
7898523455274
9601100189104
5850190000418
5835190854987
2596571952008
3456020678506
9211235383892
6056734735506
1983122138910
6465468786514
9602127410771
9301148294377
7501032424791
5400700055301
8707060031087
9799593421975
8723282491067
5998237103159
1101401920435
5338533212021
1355653155531
7521510373002
6511922210314
7891011121314
2309164531860
1487349612573
6824596994296
9771686492007
7412398745610
6866564331987
5047133641279
8841766340529
8092343781200
9102910269045
6628005572056
1168919861299
9779741008949
9780415025942
1983452002910
1689916899168
9874321056789
8822015201314
1230804017819
5552887773366
9202202841858
9640033100101
5943935226513
9807162752171
5800629012101
9208075177115
5625685259356
6971940006697
8818711143900
8812087456591
9711903210987
8624579132456
6912741510943
1299039534043
1120100117837
1808199366360
1850719330232
9615874119107
3509900279336
9110010150044
1101401538417
5564803705803
1809253224796
9352722330971
4319856542635
9037508973565
7911235243087
4563121420207
1987022159330
5754156881215
8948391541900
5686400229108
6211628354862
9876543210090
7031889081036
8512245066085
9005293772773
8470588000592
9902491303026
5620100184653
8065128940355
1401600106221
5114722010147
9005022400615
7412764112233
8411110029080
8329072189874
1220100057451
1234499454418
9061834820610
9771417643005
7505325441422
5020810058716
0013476840663
1603981365003
1670100146654
9070680734211
2780222443019
7813481753208
5550500596189
7265031253958
5560190022040
9999996551880
5104401201097
3325247404598
9173585665254
7639469367420
9876543211124
6670988644432
8095465690829
3770600403848
9905910200308
5571300034641
2582596758119
6172026083748
3579800153038
5400989824311
9648745772067
6713586197800
1470300062421
8041329543553
1749538671502
1509900762871
5511217211282
1871220226792
0907978774526
5205205201314
9874563214789
6001199902106
7710221144110
9911002211555
8850608000108
8610242811117
5007054001003
5060273778308
5849052212738
8107980240587
8905086650083
2489517328663
9729798951130
5964321401995
3141611020624
1965141982927
1510100180799
5721557215215
1159900108920
8243790123911
5720548464999
9789710545018
5326784996633
5203182210600
0139124701072
9723202039883
5571500036389
7311111111412
6243136742669
5342718667530
2536496481100
9523552302467
5711121617203
1909800475834
5450100038457
1579900432600
1361100066808
9876543218940
9307143129288
9845105259786
8811252881065
5015320110227
9110026612087
9804143260193
5229872760216
2013889779570
9582271137007
7518151491315
2693226347233
8312092958104
1199207021339
7805133102634
9781433526466
8770776004181
5202334527225
2582582597758
5774547575757
5054016484681
1870206313852
1988111311040
2747503050381
5200251314520
9957722620620
0818879687158
5706306890118
1459900292868
7894874878948
2920500007738
2307999240992
5433484789963
6260225912345
5590057254401
6500672015441
9005190149410
8757115203422
5201314910917
1101400725124
9642368221196
5243109811461
8096845423123
8804589111234
1989320801314
0346515040076
9589192424080
5550896575619
1659900595842
5513492807505
1102700366031
1103100259847
7751026820209
1900400095394
7612670584003
0110437870026
8571586004710
8602261395314
1101200303081
7510091066815
6593123123412
5030123418213
2606495662762
5246665222527
9423386603179
7818621526010
5841700018730
9633847804227
1550600058585
8936028473400
1060821112906
7695662729556
8342393135892
7267427426335
1103000015083
0795565409980
8481236198810
9265201314520
3101500403303
8119882871987
0088028011346
1891110190445
5352201007612
6152523123456
7775865198644
1980121600000
7221028312009
1729900224665
5121225587148
1550600059891
9966573430209
9192817241796
8439988002833
1986517050107
9818389767111
5056123456789
7912012703117
1621990147852
1989926013710
8532110112358
5418044815541
1549900182760
6905285205088
6713814123456
2533072670180
9222510151993
7719844472562
5717197571522
8232053796183
5570200030678
6571572007456
5015066001049
1145578767199
6577949687913
9837261024720
5501270482440
8202142052113
8660593261016
1909800435379
7412023790844
6693532123456
5845201314520
1989641999610
6251019622630
5610300016374
1860316430056
8707222001714
2605973710024
3007919610245
2684159753456
1560600032667
5111000040334
1330600007281
5550500238851
5550500650779
1101401485755
1190624920601
5642410575321
9288714214123
5111050111512
9877813237982
0076603150329
9624853814025
1416243129109
9662254172871
1986321272321
9028098112147
7629423841865
7190481051192
1808971870010
5058125513895
1830516295909
9921451175224
1989110596289
9952052327435
2582587758258
9719659342512
9624816957048
8812085071990
7605398326281
2811208044421
1720200056893
1529900187885
7634452792931
5544082422000
1900909245020
9936041342512
5005201314520
9165307283999
9538834462998
5719882300391
7758521211314
1657641419822
6990170236990
1129700053846
1549900299985
6285746166700
6757576575756
9310953409034
0448442115113
6449304810509
5510100026288
4381227282530
5102000060421
1480500119061
1191041104545
9649739314058
9938755772535
9604267411320
1353129258120
7322082561952
5848257221352
1618925114111
6038556521012
7774255131352
5135415135410
5337275336488
1982080910009
9940422999404
9630920498104
1590091954337
1639800084803
1985926219106
9536471236951
9204080855578
7702111323247
2977228123456
1102628201001
9512547896321
9117756628103
2890816090013
5373140231190
1309900981516
1538880187988
1100800506909
8710302291948
6236511985200
7580292584865
5367723950324
7895207153149
7357837678236
1994020201597
1100400757866
5411400004583
6357662263737
1680229040083
7899877899870
8901698595909
1995081913245
9780300106367
7709945483210
1102000656649
1150104530110
5540300012116
1987082801240
1509900650844
5770100024682
8911196014421
5986663666599
5310024285532
0800123456789
0872961405802
1329900363600
6419901961990
3909900307573
3100502011428
5862235848352
1409900798648
7003014070494
5201314031019
3652835123147
5892395781280
9402642090194
1579900242151
1101200190944
9961239961230
1989080671212
1209700460076
7987654646445
6605429900930
9787563621811
7412374123698
7432605241170
2771283356283
1909800346406
1354026818029
6905601901999
3019123456789
3152103329163
9402050807040
1620300055156
1964728981111
1300100097648
8954698681246
5647912645328
9789740830211
8818121210012
9414742010455
1309900062014
6154674770596
5140123418155
6668881204511
4914146773730
7602119912119
7532596321456
5211711678910
1803199300570
9297658920130
1314521125521
7777777777777
7878978496905
5668735889428
7321927345948
7481928712345
6003025192521
8903061456140
8524685246789
5421809316377
6242303256999
9781920705541
8281143960604
5221211986318
2202105578925
9129292567607
1309900608491
8540766762996
1909900324498
1129900034136
6056893301117
1101800457585
7089809150292
6579329121314
5121275710115
6253862103073
5898983163123
1429900177261
9209246925777
9210227806792
1609185276447
5015066001004
5015066001009
2825374528177
5103400020796
5579900029565
5458118064460
3015142444000
7121164616123
7824471988159
1840119410056
7764076212112
6972550542123
4440030100164
9716423800217
1112225756372
2910427260015
5409999027111
9208030225018
9700204328539
5101700012371
7539514568525
0987656789010
5010131316777
1996102578854
1761215120723
1910425314013
9689474140291
7693132181005
9321204092151
6285735628874
0123411325698
8611060302147
1119287271016
9917189970505
5700400004237
5770300019101
5094967364025
7861238289667
5900300003636
8850053607012
4507748980679
7130949846259
1986418198666
9432045630751
5180174951753
7861098300334
1390237412067
1749900197285
2003981480011
8614761521988
3005532623874
1341400145339
6976487634000
1989235572174
3509900962907
8153801577309
7076101015476
9362066453232
9663789955555
7151875152119
5740100054778
1015476191963
8845467316379
8565974298742
5983713330468
0301198301194
1510100125992
8532138890909
9543065436360
1990725460133
2305200720606
9851925213795
9725431927650
1042473000162
5845625845625
6554556256410
9788484034759
9096884400077
1720509224533
0177739791993
8254850060633
1215225241521
7501086900000
1660700057199
9779772572007
7896541236987
9536700148000
5350800023194
9106110450250
1720900169224
8570784007706
9780691050119
5130600030725
5313963500963
6769049010008
9538221675897
8531436123654
5362274874147
5500100048249
9382719764315
5181200044014
1110982494501
9006789243301
9698149159210
9781405148214
9670491151236
9200782852094
1994552461222
1909800456082
0519762518985
5712468951541
8378293186711
5419160120586
9678053428595
5121020022123
2731986832004
6121963181287
5195939568133
5839900019800
6334592421791
8586001993487
1011231928110
7509101123315
2005350567459
8505210022083
6933627938128
6078761766787
9012256900321
8216477548177
5201314522138
1983213300741
8870146318101
8942516534583
1682855634512
6630182416752
1326278080435
5755123456789
1101800188967
9685945085522
1394930784700
3130300191654
8277827365224
1992062321072
2735702830508
8101081070814
1987344151314
9684868205699
5503261906013
5120600028313
1920100007724
5156560212345
1314730151936
1234567893030
9235239465603
0000147852369
9317060208184
1190500033444
7510960181178
5248206660475
5678512756385
8776119110888
5393104440682
7502003485059
1100800942881
5171297298083
5130838236513
7878548987426
0404717551991
1983427116113
5360806244029
5130135414227
8253742060692
9789753422451
2691218131210
5053230120069
8266253526372
8888692031005
5642310951753
9691251221745
9412898973007
6242562756743
6345568326435
1103701515996
9319833399244
1929900378407
7513004762019
8433469529652
1990415818119
1983111456789
5238249534267
5440800264026
9780674032996
8010013206446
7980671532897
5385988511598
8956237845120
5800700028068
9601621502395
9891188435536
1234567891921
9503302106210
9211226379022
5464737335569
9471705233119
3003284771004
8709132085879
7783408365663
1715919389100
1985323422323
6641351000117
8693547227881
8751308210895
1129800054569
9875461231231
1365717026500
9010185968012
1151513162000
5368521518376
5210123324094
1913961890719
6905025100200
5786243123654
5570100070635
8807085665452
1669800201478
5959479102531
4444444444444
5215100000332
1082007060001
0000000000000
8935038270207
9665695653125
5198509052528
8383599287965
7894561230123
9707514150891
0672842650323
9640018514913
1986051215518
5100900124326
2800624410098
8989596965963
7323222442766
5612170031192
5275941669494
8711226524846
9876543214789
6922990415963
9517538516136
9170181021427
9876547485960
7767874842685
7289041238658
5332326985300
2152265103074
8901161024089
0472690112358
8644913031989
5677530199808
8520123963987
7910012623611
5359563158123
2001003000150
3120100664109
8116010141154
5560190001131
6419912731993
8711500641304
1898504475189
9789881774217
2724371982727
5451400029594
0750603046350
8910306301236
8832251114906
1807869319210
9786835551106
6947789006123
9781435107359
1061513020839
1811229080038
8611271104509
8668117327306
0204060801210
5614917140695
8706040160081
7501017342150
9318404430876
5015320234308
1569900001196
8020612401691
9938256685915
1900815035279
9811573080134
6978035728123
6110117655811
7501001603045
8430388002273
6813024461057
6918013204665
1160100290822
1869900132417
3713244402134
1985198851985
5841201314521
5502000018200
1168903971167
0115445520070
1930607090019
9788884906267
8809121561016
5328067065022
7051989131724
7708272235012
8822464612125
6673938054321
1303986465002
2006123456789
5070180100976
7074451907210
9223087558504
6022715608296
8238184318841
5302100061559
5956247896321
9806503207410
1960212654321
8807701314520
9410692345406
1209600143761
8719519159500
9781847285775
5787237003488
5502410154255
1669800125615
8613910202737
9959487860786
8562057032978
1660100086058
1301700218048
5845625201314
8880862004393
3341501204469
8236123131022
0010450515800
5103700014627
5480345721996
0050860971641
9945289611640
5162112615999
8115764062781
6438870094951
1579900386411
5755091201991
9511040678089
0614198800000
5013000039871
2930331070023
1988816211314
9781444320770
1987821988111
0533100012559
5501791458974
6387967960411
1459900101108
5287224367789
1102800033051
8903171121087
5510878416108
1972412637123
7531594566123
5198307141716
1200600106663
5500401059631
7891027135980
6546545454123
5719936549809
1978671980125
9872088061922
4801047542440
8950382000142
1974995601022
1870508055057
2138475027922
5825413241094
1500416291719
7975134053616
8527896542586
9202095665016
6945320354210
2812639687412
9876543210987
6551138840527
9010228846719
5443917882001
7756791993510
1791819880921
9002136299802
5392713092005
1501200072280
8500484023153
8611695611990
5201314861220
9942021631101
9136626920151
5419911874123
5633299725465
5550558807100
6458815272505
5570300103553
9949702145796
8847586932100
5153253413579
1989716321321
6150205027562
1540300089701
7894561239630
1539900058147
1596321596321
1909900201388
5635585401451
0034600793079
6469261132845
7539058212426
5217414004948
2635038092622
5381910975982
5123597272535
5026992052615
7758258131458
9684617844132
9941332238329
8310312703920
1101400344562
8925227122522
6450418534520
5005011001082
1109113185100
9551510561995
9898625614000
5984850164998
5007072001133
5030930034207
5540600028212
9117113201314
7579865498123
1010023456789
5130100002901
6622058429922
5407152860723
5201314709394
6057029416109
1136925737123
7536951486255
9256434082925
8010841335278
9411086717599
9170216071727
8599200217084
7777777777707
5420064514695
5941000023021
6428509383670
8100063700637
7118057898583
1120100039020
9244000052205
1027199288193
2630800036001
8430588000622
7723158793341
1809186700906
1100701512790
9678626401337
8408105006081
8881807850000
5134879123456
9638385642006
9856225439844
7894561231020
5000192168668
9309210654842
5950255198697
5091100051083
1155201241314
7718815211314
4106920174855
6545683968777
1120400004566
9006064488170
7403201124195
7582587758258
1118438590613
2810608245039
5103500002749
9638527414587
9126815491815
8835154903276
7418529631234
6844809481297
7270980349115
3600700830072
1989818110112
9667618503117
1401400042431
1921681179752
7102671073368
1518838109907
5467891230854
8813501784161
1983110112114
1155855692970
5670200008248
1709956188707
9574548120684
9372992101989
1102001081909
9704077239779
5400400056655
9771513940909
5021100571931
6434061293465
7688717435233
6661314123671
0887225224225
8808265033082
2679566831216
6228385164023
1965619901012
1920118318162
8869732024048
7908225015087
7894561230321
8462313496632
5587328892163
8121231212187
7683067748704
5410288133416
0018622629084
5011208111624
5540600013258
5023313197005
6185912222222
1164933160000
9999988999999
5411200089691
6655443322111
8413880981280
9712157121992
8439494823697
6129123456789
1372123456789
8744903070382
5180500023689
8899861001191
1929900205308
7875433455876
5607380110107
0550204010429
5502751021992
6632540902580
5606041000976
5007130713558
5439698123123
1730200087888
9254162789456
7891515877439
7274235255972
5778218855120
5580483831133
5572231238015
6934232210594
0013015306860
9650936211992
8320720282455
1790605205020
6134042212233
5801400034799
0003511064000
5205845201314
6621995940304
5410490026335
1119879300449
6206566597311
1349900206768
1441414141414
8711230656770
6427767486876
5730085120788
5016787727379
9780313310942
1411199108520
9994798885479
7908041798217
7596841230258
7501000222612
9111261785428
0010072296837
5441290385842
6000000000000
5131420798090
6209141257817
5107614253058
7798892123321
8095768562179
5254121219829
1531535847980
8250068750920
1986051320006
9001015048413
7894561232535
8609255209082
5211314123456
5110100025296
1472583691010
5759332578851
3100602304575
4929000000006
9607812212968
7513339156423
5628045250286
5146510099061
7450104161940
1102200078550
8510423189710
5535585161821
5745365497288
5202190021668
8312112255333
1560100264925
1659900380846
4430112233555
9781405124331
7895274123729
0034620740572
9780007498086
7456327437846
9001300013309
8403010915444
5201314888348
6535092908281
2654693955996
9650413275346
7789665411235
8004401604112
5735195465820
8430702730109
9190471200141
1330800119822
2582582596758
7501017342976
6374958761991
5650200001791
6962700040691
9334583264210
6643798995775
6554036123456
1352775548500
8707502160387
5015310234110
5516210089691
3240100292227
2101407692027
5140959119309
8966464332484
9874563210258
9780836828566
0392551968420
8810247257649
8000085538553
7899999123654
7895535752403
1920829420046
8252501062397
3530100167781
8506187433333
9512047880104
9363510232716
6667814105417
6788061656788
0867276797002
5820600006666
8810276520133
9207065095087
9610655743536
9101191218012
2410854601903
9503927164800
5770701028810
1988525861025
1850614070097
6455435473883
8710147245685
1609253720084
0115745610448
7749473146101
2001004883413
5910100018826
5459930502123
1329900051012
7316573281763
5453281276545
8503183718425
9592173411219
7894561230066
8808905016081
1309901058231
1986228123753
8002060154893
5574753118445
8422695433170
1978171978921
5700927408599
8801031757053
8712250198710
6284254263542
7103700012451
5997960531178
2718281828459
7899520162603
6152505272333
5204199077745
5674568376272
3190100385994
8936227568989
5400700052914
8821505259419
5147011455131
5325625357459
3730200340024
1103700706194
8530546428960
1596541235741
9771471863005
1118436435464
5003839882011
8456281123612
9552871891354
8984312450002
1103700343920
9810900459121
8570387000047
1100400507100
5964171240485
1513793558930
5560200008320
9789604533060
1860612035268
6902001632782
6805700517391
8526123258456
7816628102530
1987109198614
2828795123654
6160273236672
0701241410627
1870118211191
4356723777535
7389656010488
8711272555401
1529900511127
5337824433845
1210600031914
5570800038033
6044904315886
0891537341000
1529900395186
1989773311246
5461100019691
6325899852369
2009993380061
9517539698587
5960300002427
0903396922222
7415588081164
8000481200326
6419891941989
6526514563987
1147156123456
1320100181967
0837524768916
6946939302666
1987965030952
9682363265727
5229055246853
5568961231556
8212207881927
6230552123123
5792969683822
3220787171735
7501055900039
5670700041261
6545597123000
1134700524662
8715603001215
5695090820987
8550584002107
5053136067300
9215087654321
9506300221792
5135510047483
2951411070070
8808081472014
9635619190489
7415369951753
9015301361609
9101036650147
9550272862173
1112234560012
9780739106730
1421622302160
5664730491490
9102206455166
5599060695050
8410070405021
8775269440293
2313800208291
5015020001039
1730490001001
7412589632147
1902814441088
1199700077346
5810732046189
8606207605020
1983220020020
5010125410116
8148144145342
5410301053020
3532011797480
5042419870929
5564874578451
8822464691915
8946463211311
9822216561343
9999999999999
7412369444666
8457014584789
7894561230707
9184261211122
8349276182509
2159357753951
1459900076928
8602601604696
1987061315768
9876543215577
1597530123789
5530894000482
8414349981992
5651998258987
9737671900064
1120100051593
1440800175551
5201314713818
5625406031994
8304619790213
7418529638921
9113752528445
1111911921531
6660896837329
7895123698741
9404190985963
1986520185518
2670629323959
8101608117891
8524569517530
5499900016171
9952028595130
1990050527310
5770401143400
0037744974276
1983511198656
5717197571555
9780759102040
8810295201338
1988325198831
9366359796269
9425911234569
8411245208752
2479044503983
1302000177986
5185185185918
8803213363299
1987627189783
9320361450942
5689003571201
3537573234424
1870405055071
1429900063567
1156115613258
1123581321110
6253185122528
8419988029308
1432881983143
5200143891974
6162825200088
8579123456789
7514651913224
1116281128130
0098765432100
1597897514367
5210100232621
4720544050528
7091913198116
6633560830266
7503003647096
9549101467544
1166453757137
5009103001071
8426713950022
5103300015057
5065553139674
1995101911111
9934597816235
2921002055114
5201314370380
5400700002135
6037886842227
6229395626982
3117430676253
5662483920707
5211638930667
5782130147852
8613030889810
1996032111202
8851534002058
7591107037615
5214975072589
8008125193081
3301500204422
5670200061831
9203170658099
4510018213401
9638210532630
9340394030493
5513219932326
6198591041224
6038809081991
9252235689123
5015220110152
9915032990452
9781610391641
5101099001218
9956899956899
6786987250622
2520100012614
7744114335153
7206135714218
6263898451202
7117351103036
5304377371861
0118448647864
1983315198452
8980061162925
1354844261120
2236391652266
6601812484793
0345894658933
1101402125671
3860100346704
1574878066863
8063616011134
1236985214753
1200100262895
1411400144218
5272529281022
5201314191125
9632147895123
8213986041995
1459900467951
1415926535897
2565942269159
9754048539933
1129800006009
1987610198941
9109021167100
5646122549963
7910101018617
8903140160564
1709901048364
1131823141081
1230834158745
7891236485291
8982161100338
5211832401552
5882910454400
1100700972886
7788521123456
9781579890476
1988665954856
0603020241986
1980811982122
5630398224747
8012180203425
1891120190459
7022456173904
7708805487740
5101518202326
1103700595449
5452968063084
2582587758521
2881008020083
8349127085322
7539517895123
4219041160198
5400700012980
1509901658083
6822564960810
5015320320016
1400700098423
6132548456936
1352535428975
1380921756701
1726478389102
9303051052195
7758521131421
1550400035191
1460300117641
2403971870049
2709900023871
9729904712789
7891254321491
1802978774515
7758521123456
1430270280714
1810614510018
1100800862306
5815903313138
3000111331110
1991032955256
5901199023836
0010420125138
6609945000000
6794007667558
7708805291314
1630070819239
7801329121087
5101699004650
8326633762636
7971597704305
5100500104751
9780312427184
8604044541478
5560300001092
5845211314521
7252077035145
6119611996968
0011667936321
3760500208342
9405020899510
5086244591994
6571571079615
5720002691994
1597531230414
9181304202910
1880313284577
5779681124558
2600220296331
6795977801986
9121001258827
8175323301183
8243756743119
3601101263694
8525697112988
5912468582916
5015220110277
2103989458931
6396421121793
9112171507015
9819123344748
7703615361194
5252055512612
7895123794613
1543894865215
1965319703608
3410401080898
2406391425038
3930500764693
8692525620767
9877815312392
3800400896041
6878948878948
8206030064088
7667296113377
0012411870015
8298177169868
1129900282679
8710305576543
5206102081789
6150896318597
5700190000508
9311060408970
8010013210013
9783863351182
5686434987582
1990742720991
8095181337098
7182934561996
2860124245041
9158763360347
5640190031374
7412369850123
9202727075069
7291984223729
0953970586610
9303041726517
5140203288714
2378500123456
7891360309017
1659900205696
0836769982000
1295604835088
0426893246500
8854392000016
1219900162061
5550200020559
9726202451055
9120362766153
9789747823322
1000017200527
1811021002213
9909471600633
1339900086541
1931103324803
2253136061562
1409900933201
7130712011857
7714571852963
9932498645308
0038971662884
9305250373400
9406141236963
9990894651165
5616063190988
9901803183096
9135969602004
1315485238388
5765406531010
2348030521459
5099016097598
7595274178945
8209152906167
1509900472181
2009876090191
5539587123123
9606903161971
1359986112626
3311000270990
7738858572564
0909272615609
6466283823578
9876543211997
7928425200564
5920847198830
7793600012169
5246810121416
9542426159874
8471334361345
9612595881914
7501742171018
6417010912488
9937210123456
6709062808830
9651693806972
8111113094098
9781441676313
6147802102007
1981804370569
1659900558408
1100501108294
9250086701247
7991185338796
2900726170018
9000105065278
5750282123123
7738531896842
9876549632147
0928379456123
7302125252526
8207291314520
9999094402016
7838365884747
8851419008987
9295616123321
7556901014123
1020308057382
7898527895123
9710712581991
2565688979430
4121123456789
5555555555555
5208610191314
6712101464614
5201314818290
5423205310581
1419900057524
5569337768236
3570100418775
4637049581133
7327786902347
9104130165490
1119208811192
0056990104661
8546814121275
1640700067569
7011225331057
8571584116324
0020106212716
0019089660302
1314520775920
9206200158471
6223627493823
6902318574137
5649366904455
8591423575012
6313628688573
4625911181097
5301700031421
5271156521521
7708801314150
7619437619430
5535535432111
5156423951753
5261288547521
7345209830162
3540500150028
1250100138361
5120401032108
6195520888082
1150205040605
1839264715272
9515903238541
5550895934699
9707384211849
5019457010823
1455125115123
0034628942378
9612251784939
7419027122006
8301241061401
5610890000102
9789744029065
9765821041991
4731228546473
5030635413019
8484080384619
8312215063083
6667776661680
1809700016944
2427008871903
1986810521164
1921681657515
8326677462473
1659840263598
1507924506384
5275385495510
5215410123456
5259581880416
0139835811987
0501198911529
4970386294123
1191103305126
5703062266523
5356128128940
8002030146279
6180937779331
5300900001265
9925291281001
2903198212345
1859900062125
1988112006143
8402010947421
1411100131714
6755201314520
2212881838214
1330900002595
9003167077094
5313007191991
0212232294856
6002296220530
8677953091068
5450500094010
1411200141304
1986422422119
9974592141513
7257395551713
2427101187830
8512110406829
1101401394610
9781741290073
8502222065362
1119900100368
2357124690108
5210125427001
9121125282552
8246579315000
6926284100080
8621339198527
9305230136813
8550284004848
8393538989102
9643641994865
6723894223586
6899866789135
9329047307945
8910053650026
7898529874123
5113087001019
9818362453123
1977560827768
3709900066870
5500390003898
9105120241010
8001896562414
5646546164464
9109257356317
1549900236371
2511986151986
5845134430610
8802030108089
0363061572535
9831910323546
1471000087543
5303373977385
9531246011014
6161221520520
6175113012526
8103190129084
8775371840915
1100500147539
8430588003478
5095821274123
8032313400064
5208902081314
2909989450056
9821575963369
8715686013290
5527247036315
1986194201413
9185625316958
1179502380000
1885871800513
7417898529630
9887039191317
6200200012359
9780618755714
5420400022114
8483891895624
3220100279794
5931523198571
8080777976002
8825361222537
7896474123456
9111114188689
5677748921014
9995853742136
9949260281582
7406280086085
1989171984324
5530101054021
1911121410016
9780073045306
5364587743001
5258285198930
9010223533794
2511237822518
7682528645331
1982519123456
9105188505586
9789722121994
9835451920123
9122540666555
9929353741234
6932486601890
5561213880922
7896432968710
7872375258656
0814688131094
3520100270115
6743603123456
8701080151975
6767969150889
1840100357530
5201314564335
6021023314159
0409226314880
9685317311786
9983942141990
1101401659656
5722561240184
8005146237426
2926997019602
7851723451944
1992031202468
9195518864333
8647469775655
1472583690123
9186494190011
6268108277942
9909957320112
9623528190578
1539900148979
6502072002341
9656118371800
7890806630689
5366219311269
1809800061399
9192283004455
1409900772070
9314084191902
8955676202715
9870877915159
9773192021190
7539518246795
1989716990195
9108170029088
8889304290820
8854698005043
5236224061991
6696214389770
1160500033827
9926110992007
6666053868376
1985995857158
9349392061412
5599723111205
1976132847959
7718315861025
7891011246845
7199671321456
8607171334912
1102002197901
2445810072534
8914030045456
9430023413978
4221217979247
6191636402586
5358979323846
6692654729050
5500400032887
5510100001315
1331600020556
3141592653591
7702010110115
9676588915688
5100600075358
8909205562189
1100801010877
9928992628326
1987913163628
6658120550797
9487986377316
1847650411668
6124583440850
5947764213115
1491625364964
5010135401035
5897781456123
2240846324342
0315832010881
5001659150561
5599016666666
5554565753159
8210302001001
7777771963217
7829101191601
1470400096841
9867071721404
6507571357321
1231231231239
8118966612345
9673915891283
7890552005553
1989161987529
9708154846966
9103221041017
7708801314521
1876262292826
5620100053501
9113037425312
7812155811020
6121981121982
5526824040000
5117310220154
1390122585888
8750093900601
5560300037011
6141312510513
5371634143637
5211314810625
0017039808447
6625462546123
8902641802514
8851104387861
5196245119645
8211010860112
5588101020100
7263520078612
7913524242626
1560100134592
8790044181286
8521236987410
5623148970123
3800800221475
5102100026780
3801200614973
1981930818811
5155393250150
7474588912345
5202311891229
6597114187193
9165204271989
0582468484566
2519942051994
5811011111011
9912019516814
5101200034678
8200932012494
5839469801485
8008179992468
8526541221358
9010020702414
8858654700065
6022031012519
8209268209265
6641155963306
9104302231010
1605971855021
1819912911991
5588325161085
7925316021769
9112282628262
5235038138518
9022100251123
0008001005870
9671890421529
6010912396781
1988442202532
8520123456789
8814326210090
9876543219876
7758258251314
5012103001067
1234561818565
1110300053085
1100801028431
5901199813473
9110010147216
5411500037513
5819932281993
9932019611630
5435517599324
5203752541104
5601100137853
9498200212520
9789742703783
6200527608484
3302190770131
7418529633211
3056136637788
5201314830507
9906539206142
5330592082534
6183461515346
6041803072194
3521000077217
9671312521525
7010775283628
8141213644261
5201314143342
5600890009762
5747563236547
5671000045795
5109103001078
7241836957462
7985897458594
9894646300878
9163901571997
5107002001026
7641773451237
8749692141208
8430097127137
8594031622253
9719821131985
0000187176462
9833150030336
8641578117500
9870987654321
7898144120042
1591472589369
8264973159731
7101119212233
7113294563625
9773360207360
9305269400106
8570985008238
1200900086447
4013030139402
5690451323213
5480200035468
8656559971234
7365002596144
8612366810223
5201314250986
9254706123209
7539518524561
7539518524560
9786498433233
5129306306017
5007081001035
6577310198763
9003081514503
5114922010130
8526584951753
1314521841115
5868426159874
5379531117906
1309800100402
9305280485678
2406955398495
8193396124486
0445535166490
9873214095292
7113143450803
9920907985221
1100800394612
1399363680693
5843704915045
6862203184560
1112479856321
5670080003508
9103275912080
1345730475521
5160100045618
5465403255000
1988111987918
7855253525587
1300100114062
1900222430011
9547608123456
5100200276204
5152330130448
8850228000106
2841210134195
8909800000124
5648787954632
8220314485337
9524367316047
9809552798463
1574789862485
9463602161991
5600123456789
9506051370123
6450820251130
5600100048094
6586207252773
6848552881695
6323406410641
8334131073011
8258442431990
8661561974654
9002195473912
6066820916423
1989919393939
9339716323793
1509900862728
1350300050653
7799846132579
5254011848111
8575047260939
6663142753518
8812065004558
5258399030506
5320300028103
4554903087986
9840230718293
1983511985724
1146408364913
8812138313050
5492484191232
6931226001035
8021092603187
1762169421205
7450016932147
1689097680455
7718811314521
5606680010010
6832939125897
9961025241981
6904622196508
5570400078135
9801300016842
8230200000211
5571300041974
2263748885663
6300982988298
9819413254027
9308110161390
8509096194508
8741878369935
5225631221997
5891479153426
5040319649776
1160100039321
8097813767579
9009207537597
5270001314587
5330300045059
8721308318661
7500706058911
5017416143172
5411000016568
5233610120224
5759515324862
5339812122009
9451443009761
7754111582018
8371268654477
8273393605489
5673123891129
8811300015423
5909899002383
9338325248893
5683533542629
5564475201314
5550865550656
1469900155712
7705051949101
5263846337266
7758501431024
1113609035453
5844313943254
1801212450058
5659900001007
9997277576999
8110086223099
8671318649035
5110500006016
1983123456789
8106272825920
7462150951753
1929900407121
5980661694227
8902287933695
3266120401603
9499916913514
7654321234567
1100700784982
5293168029309
5201314123456
1986201983111
8138883943567
1849900153201
3101203057770
5213592535925
9829895425524
7898142851771
6453476612356
5201314273544
7895124562357
5420800019943
2985632785410
1480300108707
1500900075795
7539514565456
7021997411012
6331410130495
7894561230881
6267798073225
8329927898989
9058955313305
5107072001194
9614224471989
1630185277351
8081747852258
2866190880718
1382795138279
8850051001639
7884278123456
1309900373753
1959900272641
2900724420052
5450690021167
5346720619012
1529900303966
3101700110776
1100500934930
5252055121011
7502191051414
5258127764423
9389715250261
8706054650970
5579900028178
8439988005671
2654616093248
7471439396560
1120100113793
7878921841269
1329900205451
7894561232472
5524683290190
5040223432043
5502654773031
7422736326435
8926382004399
3217326542779
1249900340121
7462493025159
1149304040797
9537392270407
9683876736958
8358182950324
5550500360916
8890254707450
5022896477990
7981380122881
9390434213427
1728819123456
7061613808080
9536425101991
5352807914619
0446142451307
9201091055611
5749322040297
8566372201314
9891016077101
6819721321980
5417786471847
1005116830445
9780745303192
1987913229520
3950600374145
7723248040591
8419895772671
7141408123456
6271099152018
5330490005363
8404151285312
9310251698013
9689198999034
5320092482009
8909254575625
1301300094147
9303224256888
5144134212420
2810223270034
0109194122269
1120500051256
1000000211239
9610092526207
9006122180121
5340805761352
0115114343223
0012121364420
7501055320639
6946328503258
5023896521218
8956317241724
7492663881211
