0919731753159824655320
9501022769195010227691
7894561230878945612308
9410060853970175186162
9007260358050148139015
9637972356088712600445
0920556984209276351698
9412271028394122710283
8712200654418912125174
8850921437107309312064
6455168683619711047585
8230141978230141978230
5555493472932695554934
5567124055095802921737
7628945139028561037490
6369159301096340279836
9010048546890100465468
8307173378685349071749
9409120756550164906295
8911051456550169003756
9010255005590102550055
5162738495415263748596
8121978102819984222000
8091172313490036564271
9825018080987891171717
7877454874597459632010
5298227789234772550745
