123
101
100
666
160
007
143
777
111
420
001
333
321
911
999
000
555
182
456
222
888
121
200
112
619
789
786
500
247
234
360
125
300
187
411
213
212
808
311
711
159
313
444
214
122
102
009
117
323
147
124
211
316
110
113
120
305
008
987
900
003
210
225
345
012
039
002
400
600
011
135
818
626
223
202
115
369
103
128
520
108
118
150
114
131
105
215
119
224
246
250
909
010
116
510
005
109
713
221
127
567
132
104
812
006
220
310
800
515
126
209
133
199
312
415
106
151
303
107
831
314
714
004
707
129
098
718
700
505
727
201
512
678
145
357
525
227
318
511
144
216
504
228
717
217
320
521
916
134
611
013
226
322
315
155
130
232
350
412
325
218
414
616
421
317
330
206
890
141
828
233
205
242
811
180
169
219
422
813
413
258
255
191
747
919
231
252
912
177
424
522
137
929
410
612
331
787
722
423
408
622
513
922
324
721
450
138
156
365
198
913
712
168
269
188
404
617
805
925
501
203
723
613
181
978
163
328
654
963
319
817
327
710
910
623
229
822
171
183
610
254
523
139
326
256
516
334
014
809
915
301
140
021
921
425
142
989
530
419
615
022
190
923
153
207
757
750
416
951
149
810
161
189
023
235
621
430
426
245
715
918
157
816
263
720
240
166
823
852
702
514
427
559
716
454
914
152
518
208
517
154
136
753
920
901
614
527
821
146
696
337
650
417
204
625
606
248
731
928
167
329
725
197
192
741
724
562
531
815
244
238
017
927
620
230
015
618
526
624
429
418
016
924
814
237
519
428
602
561
528
990
262
601
917
195
637
524
302
401
306
825
281
148
304
529
550
432
343
565
719
503
170
820
445
018
824
174
627
455
236
440
355
175
165
509
336
728
667
158
069
628
926
585
309
630
729
671
241
239
243
253
178
172
266
730
699
556
385
024
277
629
405
196
299
954
407
307
726
288
185
308
275
257
930
251
545
904
282
019
164
826
543
162
876
193
176
173
033
409
406
737
332
179
819
827
099
020
184
830
090
765
077
829
801
991
908
889
502
363
636
993
442
669
898
272
998
186
335
025
267
027
274
575
289
344
194
356
903
535
656
992
899
347
292
690
353
969
956
249
458
402
788
973
850
381
778
259
031
352
351
770
361
268
661
996
773
803
599
546
676
767
988
506
278
287
507
540
469
280
383
760
704
554
265
388
403
997
342
775
660
703
995
393
905
701
338
399
260
686
055
551
604
706
508
907
088
273
434
290
366
285
972
373
465
270
354
038
633
533
552
028
050
030
802
878
665
662
588
772
264
279
339
484
271
646
902
340
451
441
609
566
595
985
486
804
380
544
863
026
488
089
603
261
435
771
286
887
459
880
733
433
477
377
070
776
464
691
883
499
688
577
806
291
466
645
298
799
382
886
447
375
994
341
944
379
933
386
979
569
553
394
732
478
443
564
939
877
655
457
605
453
284
452
755
705
980
346
293
080
359
949
283
797
468
897
480
358
642
955
389
029
474
295
858
541
557
297
494
833
579
848
781
390
294
387
483
708
446
044
066
276
560
881
756
589
677
966
740
843
489
855
977
884
558
774
670
608
448
971
745
657
689
785
349
607
664
460
668
091
906
845
866
034
879
864
367
040
779
586
296
844
431
981
959
032
632
950
882
885
449
485
744
348
663
587
475
986
734
807
684
644
709
790
640
537
945
598
868
578
536
542
974
766
395
895
832
364
532
563
590
975
580
490
378
534
396
568
479
842
635
735
856
692
941
549
376
371
891
652
976
698
374
687
653
867
538
462
931
675
742
940
547
087
631
467
487
092
370
798
391
060
679
780
970
936
754
368
571
570
875
397
932
573
651
793
982
693
854
983
498
392
838
892
584
847
893
943
045
476
874
957
748
576
384
548
471
574
437
495
639
582
362
752
597
952
492
694
470
865
860
782
583
953
695
937
762
870
680
759
784
051
591
894
965
461
398
081
078
634
095
052
473
769
763
085
869
649
593
783
697
739
041
641
439
743
984
482
647
497
047
749
054
751
592
596
472
896
761
685
093
672
037
792
056
942
053
658
834
438
071
643
372
072
967
835
659
436
935
086
840
581
682
758
934
857
064
768
491
960
493
496
061
572
791
871
035
764
795
648
681
796
859
968
594
481
794
873
539
846
083
042
746
947
463
674
096
097
851
961
084
841
683
964
082
075
962
736
862
059
063
043
837
853
872
836
065
076
074
079
094
036
861
057
738
958
948
067
638
049
839
062
048
673
073
946
938
068
849
058
046
