12345678901234567890
01234567899876543210
01234567890123456789
12345678912345678912
00112233445566778899
01079345950122703510
12345678910111213141
12345678910987654321
78945612307894561230
08656565630810055120
01060664240124922550
08478453220847845322
15042532180101252822
00393931516204123321
08768257230876825723
95177016718354030983
08489445330848946895
08139174640860313775
01189998819991197253
14276118960124391505
59517426166798554097
45127579190325131528
08478999210862227636
01268422400121291959
98765432109876543210
11962349492464660789
78521071520787164566
99887766554433221100
08546005830857412032
20558505352010519921
00224466881133557799
08009121280800912129
11121314151617181920
08505280260862125207
22031990230619602007
00114477885522336699
78651589017863142381
85245695175345682456
14049557471404955747
69701514616949948863
89586457720922260991
96753919675492123456
62047185055062191093
74185296304006505108
98456771319342316008
55340865185523020342
72438492532110242005
80982180468092461490
69497181576949718157
99013142662503091980
01018271040101827104
88888888888888888888
93041698741236985200
99207219192007285963
96385274195175396321
55555555555555555555
66150111300899949658
53135301219935304052
64959841096495984109
54354248835435424883
65299056529026042708
54246367716303624981
29083484306761843614
87694352236171453953
68761736527811250822
72635532376836732666
64991164991111050168
70050040209005006020
70269155181952353175
94473939889446733083
69957307136995700383
69703127376973474501
65322356625421124551
30637788386308069046
55659015566774217417
58860623191994000000
89061614577541492288
69787343632105694983
01246723400172649315
70713829323518931493
78747849090909090909
62713816405168491440
75321456987532145698
98413123589841468044
19930102031993010203
72346932071883801183
89100208598702101989
69785737176977290588
75315985245607891230
52639739730887651087
02425840520209522806
85946857645261352431
85522260326644433555
83260594041405791305
77728125379535453777
51302026251647833140
54329582975532271882
70000000000000000000
58615937411279096950
21090330133694697933
99987057009898440487
56234392508966371234
69824900316982490031
69320792656932079265
54168533586145541685
66682628463719321654
74787247480468747745
78952198741237415963
74185296374185296374
98983259909374818746
55291388515532518568
98153222269876639999
75586998450802006789
11122233344455566677
11223344550099887766
85347200918874267124
77234000987723400098
85645523122546558798
77562585412790315027
85274196345612378900
65813603555092450579
23101988231019882310
88052223880426085899
00000000000000000000
79461328507946132850
77821450321032103210
72265397226829716279
98765432100123456789
90081010089019567505
14159265358979323845
98319181849732595752
91630538246810121416
96912055021969554262
98108010259811014374
50062020511502026005
91920599883346628033
82046771008204677100
06034452678918022352
73333270027333331121
85245613977539511397
81543937198153023902
80959433648096840129
78952789632141475963
51848172985184817298
78790109657878370872
11223344556677889900
50320400675032040067
75962341088014326957
66666666666666666666
75395124862323095159
99999999999999999999
56257356894273498273
69429286176978608955
72435252392495932104
54931252092144788811
45588963256325412555
94866322511559978225
77778888999966663333
93120144619312014461
77777777777777777777
53236014182719380962
83798171991188720143
76354586237635458623
60146007030326598745
58249146909197658210
68425568425568425568
76313037899154743616
69470722316947072231
81687731318162132538
69485835846948583584
92091727651323346441
54789598050608140221
96252489133709531280
50096165650860057245
01240509530124050953
55226410755042178693
92315847649830037439
74186274189523753951
69755671186942859679
99015839469203939329
78963524107896352410
78996332114778527899
92610300541786121189
69700103286970010328
20394256622039475539
69378233356937681194
65454565488228669381
84812604781044674900
99144365361487556825
69933756136993375613
12301597530777712241
97897320029572122109
