12345678910111213
12345678912345678
12345678987456123
01236320197307652
13591835030083001
36531645691738527
02112005228261266
19886739321300258
48540106219102527
32619487123456789
01054951765262047
00033799800200101
73563777005781234
01241380293124002
01269694683924050
01222288126031986
05372801324099212
37915824693710258
11997733197919173
56231881321801741
34099500740035502
58282567185884646
12365478987456321
54631502165457143
12335435435432106
27841170102900585
09033396835201314
02380921715963884
14352542244332802
01028740883901077
91717067019922470
11172012578081603
19061987662367765
78945612357592426
08663328901246480
35419503123456789
01027765002712486
61150935322091991
12313798099748474
16011002099245083
12345678901234567
56203034128182172
88365913146574941
62489517426875390
00218925454341090
22274462847171533
80990227716092118
75856860122530547
30621702729071990
12365478963214785
12312313872787102
01287121719922006
16199001417950507
26427041720798915
12345678987654321
50160897536415982
12345678910121314
88521486579524862
11255021231570922
55555555555555555
73896883624482372
18217595947123789
91215225193152020
67945409198564944
94511801642501294
91045020019900630
90981547078154142
69872109111233216
59489685123456000
77595403012872925
52159563123456789
50011210159170231
56464508429604123
78539168938078208
53804680405383227
85271160839593270
20131025053857966
97112689007163953
77414280277235140
62752684669867737
59182724601041611
64729360610111718
01020541621431986
71987125920061806
66394562903199518
16617336118242621
54460432563167725
45133596264120814
74620250120456022
74674268427051996
81082250504150506
81444076661017939
56457119933821295
85485652159876363
55878983664864484
53734723212095111
56324560125081150
09148709187393534
88888888888888888
62341053180402263
96189546527009507
22639650113076700
53553890104923317
53389780128291850
99034200665132402
59382647701205814
19972030123456789
99072728123456789
87062134509271985
79138524600791385
74134686205224231
00262622842983709
54210210963852741
97015086604449538
54240252504952527
80957684172952690
75864531295864123
20066666666666668
50552380122603033
51709851990325012
50148350122874510
52242330102214199
98032220914511454
74123741236974123
74043433176897788
23900053134490975
99592905240034308
00000000000000000
58382953583829523
99845937162713100
98765432133521132
52253315647538910
51125362134322601
38281420124412254
14343794379143143
99192260524647655
79547954581615226
66317174323041991
65232401789654123
60216991106869859
67081713144250324
88003062441789520
94768558496711229
70056411532324814
65565529373019173
61640305216187423
58571314585606777
68161209179008805
92219925555512345
50010810047220888
58581173971456258
63626936795678577
01236178236963221
91020600530020691
74904559183175902
98165264884519915
11230301856994629
83797892427146720
55202013456789098
62271947379829632
50599250129826743
51122930859331916
75103261530312827
96325874123654789
95741265959438476
82540837410259563
51300279410451300
58826753840658826
76637678251449619
71829346588224646
78734653586238124
90102162535667275
98765432198765432
51354343244565435
98765432151538285
81219860727109002
09404087219941995
10455750208565489
56763300806888991
93071901577452099
56542058051119990
80447273114541829
55500560255832484
09215694518102519
01038098632559566
95110160043988356
10926770903231791
84600362193159753
81561592981223505
85598697230053392
50601590126853144
75644300846571448
85245655555842650
54213318123456789
91122528241122527
84725031620051990
01019523066615935
62358914874582451
89020451182900713
72239950909729648
12673487034760056
19755815605089126
51525354565758595
10102030151012123
51111003857768110
91189111988121204
01020401775777275
00224490409552216
54250974793250181
53660479962122101
74366012548682258
59511298578011252
92042760953220314
12111208161889630
79587845795898597
80993168205763776
55523766212376621
72471820520522861
90092259322081186
95115732211472596
56854353168163362
71164791484204662
92723221986710123
20051990305161257
94100808158182008
56902154178251994
80980182980801829
54631201230546312
22033608609640967
85285264568569454
79843320857584711
77720250727913316
52326356335240724
19691160001969116
58821020126280752
20131024192941672
77777777777074045
97927009622338612
84914507745177965
89196854666864886
93042411220753159
56178023636007736
56894384202121936
62729420741152814
97888175497880317
54841250135779330
80757726376231493
53321805480705156
96991353292492718
77546770621030953
66778899112233445
91311411986117257
09022408073011051
70130246934357903
98025821597693505
64562962828761483
76810404098386563
93841239219921997
80987722572483105
59008434320748194
81127340632537536
02667360802697571
78927464612746459
10778019922181284
52630175353202357
57418790174974423
51493542044216059
15299730802045666
92584162745145799
72783505002422421
56228523376634562
18009013600141905
95037900859207908
62404323113288357
81292227199110344
98765432150185145
99356010044274979
44704880406251991
74153698521475369
85462354201504518
20131025054519968
53973242861105333
69610181302740610
97316431649785213
60606113042059338
89111562467901017
55555999916031988
87215124715894432
99410503475402008
01245669753301245
64534261006191986
91384645692357139
74185500121135717
58716635795136987
56429928308194225
82856923855207126
20131024192941671
98420877196483663
10151740585072939
56631076306002348
14616730701453762
78910111213141516
78521071520787164
78952148631475369
26031989548325683
74185296339201995
79886310161870317
68264190103749067
64310177210091987
65540489902192217
