123456789123456
123456789012345
123456789101112
789456123789456
123456789456123
147852369852147
159753123456789
123456789101213
012345678901234
515521053155420
123456789852456
123456789159357
100200300400500
133221333123111
159357123456789
123654789654123
123456123456123
135791113151719
098765432109876
987654321987654
112123123412345
147258369147258
243482802131988
149162536496481
573985162650722
963852741963852
567891011121314
159753147258369
711200839726401
962268534317948
717721473217428
123451234123121
011558134522412
468327980427926
987226193243205
123456789987456
147258369159357
123456789112233
012345678912345
042155024092877
247005672660902
137227318415828
131113076661453
861140625044350
637544266878232
123456781234567
142679201510125
987456321456987
951753852456000
518135833110233
053767527001985
020265448899456
121226384660244
159357147258369
787263923450305
154535251545321
072551364340122
553209154479278
084900585301516
092838679456123
998563214789630
091298526542291
936689015679439
868524720770515
143145669507796
200058306481147
976947552762844
518298753276010
541236589654789
005492234976207
911935162685446
666666999999999
305102310231023
774289996982455
054367462921987
839421034422405
227620846477399
130020802360731
215734711981991
789456123852456
375288336312002
452024901255083
096179608270731
985013947148511
179230860237965
208300814700985
092836362861256
020425357914755
080301474160289
996265925271289
081744857416636
121396637291696
192419872934591
985265894341755
392086493228124
921798855859957
204494625779824
634160841041696
009819087620820
447194471944719
053689475821234
123654987456321
123456789753159
091878092235969
242540670670526
081419865201314
089661614956123
004407979266705
190911752888013
162705554561350
000863085828878
081072182410330
369258147229545
571601983891458
123456789697134
293080913412614
084405410420031
183000719862002
134484787280162
001491714944898
635647878262362
922206983547513
130819591103199
000000000000000
565477171596321
555555555555555
521131412030118
210897101161616
253522008651868
091927715131614
159951030467616
608130050888888
970302363431270
087878456355416
111111760142119
094713498242330
330288696887320
453541000712327
123069203669520
180017018371826
564308036090143
106564164605646
321598745698753
145750874303051
913904070854110
360090046480124
241242106434251
203627102510929
248679130110146
112233445512345
010573404500000
105203098129267
123456789951753
136129440370612
086744437600451
212299050260521
147146945257509
067319749111130
267199417300118
189970885229544
009819036964297
011524543618240
494854943432543
089436879926434
159512059536806
451563545131789
098675283429145
818821683248432
249027301032521
098229727361749
056828508252525
229861614702228
789456123753951
008821621130798
199520038292640
901517975519593
123456789321987
978521225440314
198405055205330
079519891441989
123456789147258
195933405797348
091025627123456
084005270320839
952273734481766
350779305958238
221121522525500
112358132134550
570118190598429
100202854660863
190319955286333
270187094360717
415216254162525
147258369123456
078667190199400
832666477462473
307640124166802
016102189123456
193807767816248
123654789123654
200109182348486
520131420060127
741852963741852
002180213511886
711330810035850
009647504780743
123456789101234
138026685429945
901448855744209
868110510000272
166309238528965
225462956777888
224108590187164
963859185681803
012541616012545
600998720038097
987654321012345
092052396713489
149968058245369
180625289615831
357771594102805
561143428108888
704172178910123
510152025303540
087734738518355
840135520852137
031003919855847
372624726528437
256545898525654
240710320320752
115660807147156
234253025122532
123456789632145
104414218488201
105627125984263
092130276495846
085336498712345
047920219140630
140090012536011
902620046898100
193742685193742
131411119932183
703506520761440
199063056175465
115710801558041
053726163594393
790677162471500
152492196308372
464525536191201
210725548910548
339272793333927
004369912501449
874571122051986
705050369013549
269292123456789
251219922721990
084845760616859
186260836655948
197329463632365
192990815693865
084113098323603
133291775102533
001020030400506
545116109162716
311013120131101
170910370889817
130825274507067
971480193192548
919844134478130
311219968084227
350151805954606
031186565153575
666999123456789
163797535584999
374213412430045
012731397012345
355387006636783
153483384445005
725765327289163
121231212112123
078901773082304
010680685680890
092792837832005
762231076220119
784278426584268
200404357290589
369121518212427
054119254231410
454515256787848
578164107511003
050199356180130
968158592620032
464114422285758
560254432225022
085003514709780
618349260735183
260592529826123
795137225401239
020650228212642
121314151732423
560254349273099
110040035530020
326591926211817
159357789456123
929150142353047
349681258483620
613098961407896
198810091514520
976236672169981
612282637380193
584674003280898
652622788756526
777788999368929
650143771114282
816967032341506
527397707021989
664479712158717
782139991776063
718776012568263
646108136421978
753159789456123
911240992607719
992931645330506
739179797171777
480061829916473
871210236040232
198807243183458
728679107584794
197801041980222
608809021398927
900619080376295
700260894120894
134679025800852
938360474353518
625214980213036
668859486051311
789528521475369
547308196832027
687124697251290
650102831129651
940855661314520
911110753904182
831500898789725
977777777777777
532622197606121
546546546445645
421231757806191
521392195508894
027404147343293
959849624361221
900329547300624
537520393816093
808031419816174
795897219897891
851955143834975
648954876711221
198910122600777
710628119071991
914115270120796
615112011712291
198811281990716
500105205161234
551990068659024
520103710049756
568455793295230
984159272140705
554538130275030
000000000000003
501916133262144
985654765232100
818080704121989
742698529874123
860903386292497
631095021986127
930217202904324
910425069377121
962081414388054
549894059121785
847041955459265
021080213013791
541236987753159
930929036113527
997441475266569
741596378952123
900225074985497
885765818948175
708090100030620
877475126619311
548990002376296
643399591994915
118680800270713
791739999739777
612854443292517
946397322111979
271135071675177
759527412375395
701300879169690
814670919666856
951414715480916
881310105426940
762451061988744
580004424315797
753215987456321
972427597242756
966801340412402
837226812345678
794123589632587
992029373885133
560341026555467
961513922329372
987654321123456
677347144748981
708053821022000
924263790107576
912628654321001
631295122034693
968517996218351
586333477895123
989881565521459
111112222233333
830323541424850
687906007021983
538702890419520
580241581525956
697751747000000
972453484881227
929658195521815
958716232125467
694487913761089
802162237159309
778059313310405
201310251120169
928218652854055
721326987654321
785692143225896
085410627533000
100475123456789
849798725131497
374472353335305
989850322714481
940911092171994
891101235875874
128348568788908
820643419853335
972274385241459
522622324101330
198019803014166
542551992863423
512381061198847
958515192507190
555614324102523
985654952259856
550051142688371
686070687081962
797017970179701
704876255028660
996550841123456
966441720255524
782801121157952
784512784512784
534865120042005
950814010560202
638844606374325
854528274020138
997071556844814
914007355744878
921000296745698
833097551334022
684155419900728
510111120302499
274018522292888
609164538658120
545449908101978
982229031039896
930109024851993
753215987412369
995599119591951
022892790980280
111036839937250
613634813128303
200020749455365
617661766176777
712340869015411
901038344855517
513850897269297
627427382762636
979004782380194
590680820224119
000741958618164
741788424481121
750225871933869
990404643489194
835151610253735
880510756381057
966040219516215
655330314601372
552579797098158
987654321557549
980539952399184
900925540491990
959153915821875
910067098951994
935551269409553
890103286331010
520131419941205
201632343069236
951544433273872
775849312242087
872427320313592
315346665213327
645172714180691
911930964996997
987654321000963
000687122344971
150119712605198
504710219828633
808841119146336
986121401032006
921304043198204
987456321123456
545376010381088
990525621247898
888414338594006
986776653575362
930662807933577
741852963491261
749296995078512
182331523318800
553543791317964
987412369874123
722017220172201
978864553122000
346114825525514
888999032511750
797911181918790
800558916714704
995118102321526
789321456985632
534697691802454
854695175315346
987456321018267
976402956142800
620155051907043
692412873199008
615145770583064
920514582325144
938525304539541
987886999637206
610404780731051
775996682055277
546339122725466
513846346527198
234190052775277
036708524588203
231026730329717
530612061348707
729021123456789
956142403460286
777555111222333
834636958419669
654976485323636
921217508822468
941211051141994
922168813340317
746543356830409
866074317199122
855469233134679
596861710271991
123321123456789
502125021250212
198410055780420
860507305429552
931220001782374
910211011928888
522522452326366
198871705731981
940510123852630
906310252688023
924734905594014
933372202911880
827678626235362
869220019911714
926586211092535
657644313653944
515555555555555
978944164653905
601789010010277
565756705110688
472100852650810
550636746337982
553230465755916
867928811038787
516421516421111
992219679223558
920118145857123
980112053564479
501025386417288
941609537118739
513869377151386
793633916021990
699445702189956
253512345678910
908404667876402
542087336835420
850913368850510
985751582390746
786759952309573
789321456852663
789456123753963
958248218539987
519472020102000
951437225570143
520659652601314
951852753852654
923382105483349
993299060034353
586370697920255
779071308181986
999251777980390
521219921641304
930524005018188
922599155211777
640342123456789
977181813152640
789521486378952
781684139320577
936676315345482
885583303101986
900503658741946
681054318829697
552931948329355
739146824568520
912518223666333
934798662624511
977633153491510
929559647962341
920912086153425
916169968374528
842856812681528
958750454596146
124221381002135
922201307047180
931284120655109
789521789654123
963741852654951
596030001955900
506200110012004
666666666644444
730589730589777
950937406031995
929371694208477
539855398553985
853373510021495
555558888888822
666666666666666
605183123082525
987456321479865
757314369760389
002313213123456
783946131052533
526948397170820
988875016950142
556225581731780
567721203789456
141592653589793
840818003581984
777868236205151
699342200746681
604485523949171
735148397511111
502818507334625
963741125685201
651050124892656
031543753056862
816625391554213
753159147258369
899806644564342
999555111000123
841175930266800
606847459540972
483532624899785
840909136308123
928018367161618
809627002298097
910541243433140
972525755287656
981653687180496
669060419852122
510202699875440
705181724450123
937062142583351
568073124355890
852654987456321
840543222225460
526181298962018
941550120269790
522368129453181
796710177758258
997271431294481
951018288501125
196872019901021
199422019891019
515515515515515
622633626996362
300187089080605
701147016570166
741987419685741
515151661087711
785404220774260
610791078018103
532142920919523
494546775441522
951568778520412
198812225201314
834599191919018
778334419205555
712320812696633
958042002921913
963852741258111
987412314789654
588230055882300
793193975988265
520131419910128
979802315161515
920922520921219
898491611091309
961425504202673
961029047641424
713784519051990
623058792042523
591512689162356
994924354203540
628823124000765
968647535914055
197382465718293
921215025333520
786512622399052
709012270901440
832577662590464
549302197746410
668885100231136
962781005415843
791963108244374
957854265150493
789654123321654
211184599014596
863743035195971
910147654125349
919184398801902
769485798465258
859172729850291
723290093364630
198903105693281
590828464521314
283185307179586
510404271272531
534743890174876
568422197230199
139799558820321
541595039015460
980859592015416
141592619861201
515552523011988
987384520032096
198609058796321
090819942469964
520131487776058
792531602171729
512127588518726
152106447781209
138259427161234
791220423041979
010992065422985
811280858049109
198911265461503
801009841290202
578231069434210
555554444333221
141832593127325
214004123456789
504436906961969
610903252371993
512021101220132
789456123012345
910418633451992
714645356252636
764865920582694
555555555588874
636097322762613
798046683269171
134071635758895
789852741236987
551061346181994
571109611021982
669222200323035
985555623710612
121226012539862
512817192032005
990201425870840
651846002435333
845118454200654
632901519508743
510109729032531
201190416118429
636342354020192
924345177954330
524825330587354
016693830490112
881130905257955
040553687812345
573271662231303
010474002715022
963341319041983
939017875787678
772912502601987
951971112934491
554227800336055
951357987654321
783652894006917
373193787835703
900609531707500
574807948482123
970311335812345
879607729724453
555999638745221
565325046321420
978002903534127
745328170958216
867530986753098
799600621344031
900204584871094
535153003688630
628792628798298
760411943112611
612328770126471
901024520612007
740368074630255
979463227071992
912182494540149
940601021331994
881203529751010
503024100251099
963963741741852
352459235245920
531805717153791
697775116585282
500314700182090
007297352537650
991519711002171
861234544117980
199120031213520
695430604061988
989121299745338
540316497130088
987654321050986
520521522523524
131750905760308
926546162141095
566044024100213
866956918669591
134031910171819
619918955116272
777444111222555
981386026661906
522397298949896
510113820428621
921921117101990
881226515542309
789510037614509
900213065514456
650421352206225
938470054288359
589632147896325
714212835425663
199306203971086
963123990611404
989576462871131
870826500307797
929591199555783
788979101120710
811200720082000
568016120622101
874328296169575
534745593050020
789789789778899
763273266249702
550080779535033
571889524298645
650706707499492
512226730902457
910426277341101
547894941020970
723161821098327
987654321321654
987456315101995
198603314391816
460136835734205
776568106030714
724463923072945
916471046071290
591149236785911
135134212154559
951753456890427
525552556245255
815830739861350
665886243969401
517693396634898
790229626353372
520120217239724
976100145275055
163020121342170
000123456159753
888888888888888
987654321000000
998927462855095
960206050332147
748991707117795
923556788035102
540313244605561
835689805201314
725267452264352
900613591321710
741852963852741
957236055695727
625310833252570
789654122222223
919355554224397
645622311308892
838920101983630
512761287351110
033179242161993
795297742210343
557466178015105
981550332350956
651002561810713
521131412180529
000903129577637
902661246125733
925114537534519
548566489855215
132461069568564
877866042405196
825469130500231
659811425114520
999635557778000
963425122324547
498825669288635
111222333444555
977475208081696
805701010133603
543039292787616
612253312102532
930804093101993
180883111800350
741320723198923
963236101134115
930703644594029
958872322798665
528141325013287
789845651232000
910609853240205
921459621000582
931110053521110
939795915888222
947449322855170
730542123456987
775989797485735
091625981030724
562293417741668
960823158262009
190492000000000
981097909481293
555242466946946
135462878940426
807978400479780
567727597715031
852456753951121
792094316121987
553133136012793
205583528873594
565787999715767
741852963963852
779650007796444
984586773921689
102200411272006
331100534434687
987654321001234
626423330900228
198803132193500
900412922259826
910917197552049
930719271700101
745896321456987
691379429788124
630831172164311
960934667928407
501350106120931
991851544469535
846264873918246
083701001554401
847588475884758
996988725420577
994497475514688
024458280130252
791427878121846
962333944522363
773847967917418
911219103361312
535149915915915
630133606071990
861050314781300
540031698646539
971667582853290
698182289530596
536852151812345
504563337290193
596204937819043
912605169316247
136847561830213
101011001011001
000014789562321
868351063471982
920128556230811
382546427746537
512719040282863
900128628302605
823714017221456
901209669430721
845683418473862
529270297194014
987456321270525
533638917889136
764170859019634
505484569870000
630158675540014
952377619302768
945337764527377
669968694259259
648903526487612
932859172767884
513020262516478
630548909471521
961439719378727
645825759153143
159753123456159
524037449925984
861059941613066
573844698091785
753159123456789
931676934827474
951104274347667
567817897751474
984382204584120
710141001004781
989279294645166
916639742291277
529401098481148
010012020473227
920624087686701
700803027889123
570186819911724
141985536115450
631157241231221
938727713072012
972677293377178
887913127550631
846553123456789
654987321753951
666000666000999
584520131415926
940015704744392
501111040321623
522070993355967
641887623895242
584131426252625
932997943426013
941374532231242
199111412342828
961586732100000
815107125454265
987624328016352
741852963789456
930621996625489
988619886198861
641850200671864
940607123456780
920612146679016
987654321220291
542341818680276
924118063622603
988118163943552
584961725421137
521321206012526
741953987456321
664177817402628
627119719891220
950711516081984
199277777771992
999301305534804
539680547377662
884179131416513
789456123123123
652865624452555
983987641405523
681591568241933
972121194954898
585414303160027
970931714274435
551402290472617
520757130300138
876997151422376
852456741852963
000000014163789
944669446694466
752634829299789
291592745548538
741852963753951
891226531402289
832532022477638
950306148963416
579054089461000
850850850929292
958342790583427
198612265121226
798711236723621
929757615615346
987456321615690
920722102492007
000890328016493
951102075665789
551069599456798
831143360024835
115101151011510
991339900155462
989140211753215
695695558916813
217324082137241
151387516360222
483126018713388
677352319952511
535002190733181
831209272831209
678987698769876
593166368159648
697428681338796
151162992662534
889030616110120
856401234561934
927763190394466
751060551187564
531188308640857
635842933131290
534716975352534
198907286950015
977544574251984
520014090645510
735121726130300
000656127929688
693796018627186
977172262584456
520131412192006
901904701096887
961057158105732
917954283575154
941020148921516
749653426788102
679038612341988
880724201314089
533002019860308
515251209193142
199152019891028
797634793741325
976687322730749
413437448081306
771417149728015
151515151515151
730657673316910
540142025081990
811500810818701
112358132134711
602740034846484
554197548236555
865243844198626
135786507691234
910039786810385
562347897418520
711724119231195
890301563322004
789456123357753
681551647515049
908450201350687
568079194280234
819307919974870
520131477885566
132395719850305
697826114203103
997029593535408
741234567890123
960506565374030
999999999999999
897578975789757
514154541451425
921346228121210
198792686887786
870323408202523
933418941289334
577328015745401
081132679877632
198308222591123
150299375335440
940316026668931
957695113412030
741494129812981
720495121391946
604765230100136
751223018249309
213584530071994
979556926224655
585849790220992
861715200300265
526397397903190
910102045995521
199059988956249
513050212112345
601471375101101
558985520025465
926680621182369
580100001987317
724432177621176
528455890738224
577549885096440
902083833517962
616873051250011
987654321159753
910610115415019
060542311198547
951951753753591
799937627856008
874313128041989
811700090879184
925383673382534
773135276271598
756392699484965
198231319550311
920425592401992
951753741852963
707172777900922
561273705612893
553462646262008
509983960669836
514123436243416
921117081596079
954915312910601
710683841936270
610199425213667
951951951011286
546546546135231
246354598464411
787898249924504
753951741963852
537369596808338
501843801032010
538591057578139
567734897637523
151760723510108
961754820074038
910212108502265
983135710130039
619253417260010
564150691049014
787745478826549
199763208549820
910330614790424
794613852123456
693615791228144
568121590139925
731113408618912
115566554433221
973432830258410
973152545856153
987654321098765
232303760206221
147536914789632
740941519861014
971250032911333
198412176351942
708708807054213
199360865857951
198109114262092
559297645070621
764780089727647
080021562110832
778941386541256
963813950121014
939436305656405
198908253277162
081234567890809
095142350077454
963852147213774
921972635310885
966497611999557
753951852456654
984150977916719
500135197744313
607524523391196
965783432661631
619943244999724
893214365870901
992011895645196
998395919515372
931208078521902
525855522612345
741536919887984
500000000000000
901972907809375
538459364629840
950302210123456
789456123992009
597467706379591
161119881389195
940717121467732
781100877548789
900121583771234
852456741236987
568130399021514
974536984840795
198681267511054
531925385042582
834119819663245
661303386643979
987987456321321
717113256459804
712956850115020
202228006191991
576240557632405
910224260581209
842833283311513
937859912853421
664767253050492
231816565456545
789456123101010
858585858585858
786191218120913
225464737852741
499292090465122
198504206713581
248163264128256
966572900123552
963630223680874
650001883990808
520131411173505
888100055221144
741963951852753
852123753951852
924709804826257
701731024942667
940201052371994
822073955241230
573505325372882
536714523801746
569874123741593
940625351122123
561303344871821
753159789123456
511341778899852
881317913855502
923511264550621
989549289993058
772833677284242
574721397943742
789596838146873
589175891758917
922142052922142
603893019227954
173361048155228
697326763931090
142424820415002
555562989891143
128924657711220
994762871135565
920103074401992
914832303361133
996217626629629
901019548702657
891130522100506
598888703091878
920807990277404
888888888833333
520131435660910
693426509129691
198410206099236
914553673283514
976763202584118
820329052292921
919929939949959
984075222322522
984898489316674
658591449385225
198911172202527
891003224575562
750107737914140
968431187322218
114203409165062
544586949660387
694651520421097
992241525266198
358807002938252
689875856852262
907125626342610
587985325521654
693704502987476
009866916788546
793032023554960
857942311048607
852025852171091
628295024933231
881102008727785
729183223575123
944956249361229
536876393128994
511252430102549
930426148991526
306058689489023
198903047460303
294972949729497
926435910061991
554022206658620
512199331728932
789123654456000
700331810112007
999534454353812
688749167385756
983906148774007
501177621176114
579417989135741
528441752996939
562910863856291
180087377753759
931017158661411
933017000822829
582110924491646
852647391041997
552178748079722
782660721623616
960128125426199
827550040235105
970091272837554
931805879053963
515766209059028
951753789456123
972480875637189
980589983220693
528501720081993
703761146490126
874215302281022
933905967638464
753936587409620
795970771367136
931019054441990
771068914810084
391030813935576
964934013580798
877238492665059
544234195545982
968218894232008
747747747737757
916316316512612
782184482852856
573560525011086
505050035286010
147852369874563
987654321073011
501273331396309
956115966884848
528913836879143
776299592655026
198792983637305
891269082099041
725828437728694
991106614731239
611283218539864
198809288722355
878965676587428
523732116859317
302578302578123
520520520520520
050525482122675
803154418797822
147258369951753
791637174582001
750101415876426
542190123456789
861154153142905
999144618397240
920816785551992
753159852456753
567890567890567
978394932658633
550748888888888
989406389800000
951496253496395
631740588299766
791725520056593
942331867844987
536824795672287
232230178187056
904408973132087
446014752130518
910630003081379
816817152053011
199011161415926
199511129872145
512283257060401
900528595722446
198905076672958
831993560812813
713414201062540
730507095012345
314159265358979
751452414024781
980490655521428
157065093108427
693915253525150
789456123753159
741896532741895
537141367813677
990665252307210
934221452486254
654165416541123
512727547021064
510202203332223
987141295856520
158358467519535
123456789635241
523151320071989
528301011301991
198741232781912
974622624100049
969425322230187
541778320328909
823494819931014
615609510085357
171119341368035
842821098527842
811239900027864
930621031221119
741678420396768
565654667786423
902870914081990
920731553901992
500120801127388
273652478194067
867530942401903
809557011590690
697876711101010
994953032498121
950496222913775
997792042764824
541405511010120
589574100386123
638787934416912
616231790582436
900320550941123
921524133323591
612677892281277
789456123156489
989349624640000
890416780713120
861212253215351
895919125813853
112233445566778
958055093299119
659421681607123
594848621597559
733780112428543
694709979541598
500001933032795
533203753320372
708731703567329
695615883313579
750106501402520
198703097805339
826173084804189
763213600991122
988955481402887
794514693980013
599229276171089
458919763565063
554686328895789
606413466064134
666666163222065
595818921393987
792397122580123
198912025251325
939069402360219
999999995555555
551778927890123
983067391709328
830822805051988
958875898995701
543211200371261
923345454198028
753214789512369
789632147183791
198712024636506
661623500352620
921406656227179
966009660096600
306259166712013
198403010616520
698545426110011
533001092935099
977353615365595
199301478520369
958186493879181
889526422051992
407670097771992
655700501284123
598613000147963
789654123456789
991616463749849
567528905675289
686811419967027
666552305926816
621080164892520
560730119910220
951753147896321
536612618976352
902089004071991
775852152089913
649385712952906
991889875214334
834340375376785
789741230568520
961002581310622
527651720023595
951213158971424
137915783838355
791131419952004
009317717213321
567534712178902
765432158589595
902613153392008
512051202410254
851025638031128
794615593495799
741042346140166
925893424559155
284105515027117
716398001005827
976283121376190
777777777777785
883210848052807
789456123456123
759517895123456
910312515543107
918745321160420
512595724101986
940617001901116
984135773625129
985732609322703
526935719901990
665179475854136
231509184584740
857171026051978
500107200172924
920888635441468
617145143123321
777251351113192
528706735287067
709196327091963
616630817444714
665337327052005
809464437923317
011523535335484
141339027377889
270753933923469
851547425463123
520131419840208
943562817456369
969615724364028
852456951753852
520131419890210
198502085201314
713118512655602
741238426874269
930505065549123
587854532626435
901578055530175
579959495796600
574923095823316
159875369874120
159875369874123
554180322285125
979875649676814
895202090710100
971110015019990
955201314150309
201220136448123
991065502171991
795460514102006
123451234512345
971471375671785
790717737521177
010925123456789
698383859169454
912380843008623
965082209606355
135951412912008
900410790105324
712252606118028
671164796263166
720687921099922
579582704122524
987654321246810
548612024979281
820902135849123
530097492280268
824664282868110
991999919999199
660509080448376
055000505317039
911991176301991
867284387422223
966652072352301
522714821118214
911360866756572
918402911993628
776156621467315
948776319274312
159753123987456
917759513923071
843009092204520
304522141867948
606010102755461
970191996775214
582258652283655
005491141668497
978315469337720
762349434210039
624603805224000
183593199431109
961659475440659
884630837672376
791914096572416
001001000000050
926763933430104
693763500831993
785514171271428
993567918062007
883547455145916
672038924219363
540540987456321
508121314192435
578289415121992
983747493444108
622202219880622
130107882037159
900018850870217
895097912359088
885632120070226
977700383487925
918321914486859
426465615071992
964020383427006
520131499881128
239103265328985
992135628071989
622424414091992
968344772937498
910810127551206
817846678954123
978131825814123
978367253482386
198808155422828
924198810151995
853586414118290
198781173909305
961977912327751
894523125678753
960849166882132
940522120041239
880102870602588
719523529307111
645329782843147
159753012192606
995364412369874
987280792464366
535868622932020
230213226953564
777042593001607
599343817899926
987784824219491
789101112131415
512604042040900
880421619040309
627239999474724
890605033057310
520131413141314
911320838602826
995514943659115
565734198059137
982911217980392
861474306358898
650000894612342
943175938527136
987514374537104
851125548700101
200888888888888
741129789631234
198819881988210
159753369258147
951753789123456
000998020172119
711846200372405
522310213620690
943251112131415
742646025137127
824252813053157
725951537004614
936926155681841
901219501701419
980967745833215
846976124528421
697555297274081
830956830956555
932527041575569
530313130646288
960953105300934
914275111101019
739510125051989
753357951159456
900662775430168
555555555522222
742862742862753
817171417923239
587961134446326
281509900737052
833079521056438
910722057101840
921902114776587
965735856305684
529199998490798
651567347153681
654321741963852
606155121235385
521131410189521
895158718139540
893684535222141
861154618667258
917145529039826
198729385201314
939321298111000
787477332396623
656266599009554
115005079848269
827831561379195
920308560251946
159318153901234
518822094020254
951357123456789
472019798434669
562149195344584
924226704773027
961256665671784
789465967628223
572223922741583
589049185890332
582324812085681
550031954321654
871003115289017
789456123078945
974671115662375
966221134232552
198901313889534
198861903284281
198910255510551
579689241090135
765361362730386
571183495348378
725290102463586
858943122496376
653033986533398
871221599631987
198913979190961
876543212345678
913925252889237
941108641524100
618929618211411
305685901327007
519585659532013
930188219890524
556212752845266
992569464259077
854625446652448
565499113242318
652340485071469
964870233870030
931881704530487
660057016630066
658576985865865
931602370135160
756645122942451
995929263111994
198912233430771
652215923784755
990845522820604
531184399091475
988093752571295
821199314779905
917516624080693
540661633634036
777777788888888
549122000221945
526564197837837
579702891003413
820419532570311
824618437903667
