2122242362482510
1234567891234567
2468101214161820
1324354657687980
1234567890123456
1123581321345589
1234567891011121
1234567812345678
0123456789012345
2144124125879630
1992199219921992
0123456789101112
2123780409519826
9673492261515123
1597538426987412
9946950699249341
0916554994843125
7946134679461346
1993199319931993
9929954196750682
2512198502081987
1236987412369874
1966112552116691
3390182877120010
5748184988499324
9410071213141516
1502252701092535
1905802520129128
1527105121522511
1415558578236251
1454353561627162
0891243209345829
9099795290906440
1508198715081987
1715617336300493
1995461380924511
0000000000000000
8809072312170307
7861814869742631
2921382094109908
0708891727098818
0011392106058831
5378250758160440
0183961792470181
9302287893022878
0616799274100409
9578324615986110
0014481044727983
0878086867111333
8967430631961452
1214090119855267
0123340132123456
9876543219876543
3232465655223562
4456428741236589
0870007856220926
2311871819585981
1992196419892007
0109257625523426
1984072323071984
0123612023829905
1000000074108520
5526712032307365
5835967565867691
9007199254740992
0103252802022529
1988984116157273
3501814929635018
7773604579735651
6800132231348209
1308253713141413
9876543112345679
0517680517697839
1783894216500042
2001200223691184
2539087510133503
1802199324241733
9767320099883315
9647852210347654
2321991425373976
6387987934416912
1405198821121990
5554031212332168
1379137924682468
1989041617984061
7942150754051963
4181108097626449
0503114019804980
1611253829092538
5024249450242254
1216217624181738
1919525365228406
4008276807456789
9966932991038016
0159259357159654
4942291028484230
1311549813115498
9603883023336759
9463750825597002
7224920515142748
0513939451643900
9937516993103434
1325789462236306
2864598437949363
0831658756142216
4536032378912247
1722657481648535
0869209934474756
0939325613453012
1109380894631103
0507806756122146
1141911022843129
9001100087645189
0101604653258987
9139295193293443
1254789633654854
2025198504022005
0908198215323855
4922010256080334
9201994245831101
0106325972789125
3676726278195240
2641304916602326
0558165980213230
6219841041119810
0069000026847204
0105820547012280
1079999122903415
5855045927076764
0108250817057000
3910392017622464
9325186123456789
1202930748468070
2203253315012532
1312193041886214
4213152540526013
2110199325021995
0921350795809203
5769409957462331
0241120619930209
1204253628042536
1212198712121987
0220198516969962
7133057864990402
0123507650232014
4152425441524254
6020450560204505
0927206672812345
2461023204122251
1122334455667788
0749499346258016
1950664915810004
4862262641332165
1478523698745632
1991072929697817
2419836112347764
1048899724523919
0707253007072530
0919650459913213
2142700619604524
1412198924041988
1711200281271518
6624448961028079
9120660692303380
2728652696395269
0505253908446195
8548290906640395
0919776783914344
2820002820002820
7951455959090735
3826241460848679
4408932030753218
1077424642031986
3105197879887944
2413021219861987
1234567891012345
1007253231052533
1344202100321344
0603199321378717
9977369739977369
0372202608661465
0509199199391797
9550962396227944
9874563219874123
5139566051395660
1568239513781568
1108199026081983
5201870209482019
1994199519941995
2829100445562265
4007087240070872
1000000000000000
0100429850239462
9638527411472583
2709198296364487
4801460714040588
1987020119870310
1168800000000000
8920101789201017
8254697130500231
1806198879250757
0180002110001121
2254367642373264
5248795956728707
5499426419900115
0804199010122001
1916549715264007
1108252911092529
0206105102061051
9643648292148516
3212024999888123
9505132395051323
4559688600155013
7584869542515362
1141181721912007
8815100745223440
0608198181818181
0306920606862115
1178922010091972
1901199517011775
0208200402082004
3199967591971495
9667042365896321
2061486758562064
1111754489192419
5414668568723114
9525176799545633
0161014306091988
1711350858164750
0566215700943604
0222936047405929
1004198499383929
1103199111031991
0700806880131860
2047025359257235
7141645885665225
2861727097798008
1984200119890910
2463833636170859
1503200318011092
4530366123456988
9871021798770202
7377763364627835
0300542693562405
2411200430209381
0865125588102527
9526331595262984
4658992800310356
1346798520012301
5712351293718359
2148418309231007
1709831609880611
2523678703111995
4569943156400956
1988198819881988
0122334278334312
0812041226101509
5261784858671242
0000000000000001
3264165831037340
0728046430402754
1903199830041992
2608473926084739
5288131419721022
5034031656009725
0537787792212345
5632460556703595
4107225905402760
2312340105142295
1010885173166328
7711782083821024
8713104032341302
9990843064708999
6811201232191230
5153318956918009
5718904094738721
8615826396610511
5421360856183758
5063309471914119
1994042019930929
6565023264927823
8519918095369060
2408198424081984
6921440577442134
9110070162146214
9033378987654321
7539518524568246
9966038499854207
8958698696898968
9528830219528830
1975082419750824
9224150569505699
9108150815045457
1989121633653581
7133010822167865
1985051919850519
2710198311111111
6666777788899101
8845120033551100
8344281231423546
9596889326062006
5632563381563256
5614483785007181
7986453112334625
6691514507218255
9604100267747358
5356958255902665
9130315448807675
8006380847669512
9932484957086360
5586345253417464
5859858199129157
5335723905572937
1597531478963258
7418529636192489
8284165514410320
9904293199651334
1905197927101977
6461895600058033
5923586753895261
8707071085261543
8611296403920034
1988121519881215
5358785358780000
7590145080048820
9416941694169416
9010025322390100
1006198510061985
5230200033319123
6089196770901830
9307350997755014
9831836506011988
9407110153491234
6072116264299363
7932374179326742
5491980030052755
8129713481297134
5334323153343231
7896321457896321
9986057772998605
9730840395240646
5775156121591995
5987413578634000
5020726526012532
9608106012022286
6764032019586870
9988391119407164
6178989194219408
1977060819900811
9748109833303120
1574157415741574
5566754843815065
7381546289512332
3232323232323232
9309098698489419
9554227195542298
6459731254697325
8511140865316442
7334990721540734
7895214741236985
9893157656586586
6297706965151536
8525645646544654
1077801208315529
5438445554384455
8982816419870916
7006026896142004
5092119257636952
9749675921102004
7418127729866724
6244200062442000
8875248086804639
9821426898214268
8056212170112242
7024713020061987
0005485799094323
5317629543416219
9881989399202810
7700124276367711
6687668766876687
8542403785424037
9517538524568629
9579801957389299
7956476872259517
1990042619910613
5320539808502555
0918415164652545
9891212997453388
9315653896924124
5146839251468392
5537513557021720
5775709957743400
5590885355828680
9012151990901215
9960261199602611
6282288181429905
7715589053500000
6314630934500488
7464703574647035
6478557701125394
9368082391519698
8975789757123456
5581925856565453
9725861396692358
8489251925198489
8163264128256384
8488082884888208
6240318624426246
6934200511171986
9009306949732669
9988779999999999
6518164271631471
5128419508436416
6974185010029186
7206844795811574
9291495097809670
9005136135011242
9005136135011246
5894760554903609
9221394497073293
6933438867336693
5780078912121210
7776667777777755
5928148761273268
9554713799260402
5130284445117971
6002055501395595
1372137413721374
7947669766974614
7191300580001004
9895969794919293
6255165972758973
5565490806532010
9102270751230123
6964813463642794
9886275700123789
9702077293082753
8098809880988098
7281245144943331
9340836593408365
9711102848303112
9365894382324788
6018020762171556
7519136043591142
8888888888888888
9231339893180060
5454138465453454
1987100619900520
1122334455661234
9109111062802004
9738842520052005
5856864358568643
2127456023032303
9976843699768436
9314706993147069
9269368293256833
9302270481622758
6632025766320004
6026850008068863
5342189752035522
1982092820011022
1415926535897932
7359914023188704
6472666238836235
5428001526082901
7391490415853112
2157962157963003
1993082720031203
6545048069928281
1524838011426152
5524681030233188
5802471200953730
9021024491502716
9090898978786767
8019782780197827
5874361920110291
5259603752596037
9001097198221111
8068701458832701
8117302527293235
5619860992132311
5606181316524697
9386050992858800
7212198018952734
1989092019890920
9899302592008031
1671688565566819
1346798520123100
7155213988489414
5574862655748626
5571541119025212
8807152006459007
9824287922477344
9898837893060450
6574139966139966
8205623492252038
5849035501880984
2804198928041989
5551987147896565
6255793975629246
7235683766323561
8209659882096598
7499942559597944
5002469268144280
6410466109570300
9876543210900703
8385096745614562
5893683572652210
8828802788964162
8413920232414047
5016259155607840
9767163909827391
6432102066399060
5233131425331314
8112619594257132
7641234177948828
5970693118213647
1991081319910813
0898284565931990
8907250238715537
1908198819081988
8535346963741852
1987091119880718
8010567200700950
8042080511704180
7816543245885221
2701197428101974
8889100108065566
7539513128149806
5755940089675678
5779596026464978
1346385155066666
5121706851217068
5885486623927489
5203582779980312
5121314123456789
7395023528051994
1524263548575968
5577721902203432
7812339912112233
5633106456343288
5258722608807020
7932275488572211
7192925171948659
9001305153323090
5611668955825669
5821335123456789
2827181566815166
1827641252169500
8010290522510880
5205205201314520
9291031088426415
9133215369152038
7429396474293964
9223376694372736
7562260228601230
8208023136276476
7987655102124894
8249220040127842
9674246516128111
1989110319891103
1795102982158817
7895217592178952
9520520395205203
5813626088225030
6650678118760566
1151372878860818
5625365363565635
8316936380658316
7108048422438423
5945825925293014
6634863366348633
5621222552201096
5177100773682620
6012889460453136
8097012665560798
8095793206233213
6407454300583734
8801052688010526
7145936584265375
2583157825152515
9743547797204911
1690216916902169
1702197017021970
7209122246563080
8513050449661822
6803463316534789
9112101055627851
5321519881475869
5102001080946494
9310082503080527
1988032719870621
9616065296160652
9729417976189257
8731899365517311
6652448885462544
8951698951698989
5653073456530891
8166939555327780
9511477899630000
9999999999999999
9517538526548426
9684235111519922
8914868886165445
8764518265430509
2013102511201610
9688064899917129
7749325401948765
6207541007081989
8188302568923885
6152169484123456
7456987431052731
8508086122063248
8993058589930585
5774370157743701
5632061326026730
8323493225910925
5442871413555880
5882026217948400
9724096395968144
7018040536874006
5577513093515108
5120201557129473
8676352869664302
9320903697898775
7969849058436365
6489087374654097
9637189299864793
9210605692106056
5032278320919519
5606131957957170
5942081086402548
6520600036098195
9723186384913458
5929179907230806
7584528008348376
9968578099147265
6616679387790768
7599985759998512
1963182219881215
9895178498951784
6362974808739474
8845213024573030
9888274464786420
8298148242004213
9420398899028811
9820255065910652
6719850185674368
7593574585912159
1986110489946038
5420824459618722
9212240151615161
9004700161495665
9001275870665213
9339483314144873
9922334491435794
1616222216162222
6662220066622200
6731296117631314
5842612358426123
1989042819891017
5749218401091985
6200072062000720
5312043080041010
9751815097518150
7247383820474419
1612330710121990
9237007892396759
1457199612310789
5535111578882775
8353840183538401
8798606168851893
9769693093028143
7895172819632541
1213141516171819
5572060556315312
5866843158668431
9846301198463011
5835967565867623
9630554597404218
5982698240520045
1610370859261468
9515259908031989
9868808592036472
7457899615412336
8790340620106003
0071323000713230
1827122718271227
6970776004009912
9699536265647545
5431274121992125
1728785826071984
5665964056775467
1002582962395313
5033503350335033
8272962876262874
7202107762364219
5475592554755925
1982102019821020
9115765492899415
5883879258691730
8548971224257398
9876543216883702
0032510103909080
8235698432709435
7309253210456789
0202811713315255
1125899906842624
9306221897614483
6191134258526969
1516563223912345
5685805812720449
8127911228567890
5971862213542002
5822682159480443
0163443708100319
9575378195573754
8601032001121164
5782198657527172
5489334758424649
1990100765106978
1986123119861231
8659532675484215
9610210096102100
6659997249274207
2115119117716593
5105030234528016
9095763136613303
5580125955570430
1939090119450901
9765431852456741
8132545611944494
5371636440303710
9601010106628343
6135221916595774
8870739088707390
5001041008412788
5672324926050584
5244482526394801
5803993958477492
8569295629332995
9761271247033512
5104106330291132
8529764317259304
1702199417021994
1929394959697989
5558862514871474
7874655756360813
1978020219790929
5348599553485996
8807701314520623
8870682003900610
1535254565758595
1986101519800802
5300109922222299
6359412010671190
5256400037529064
9236472198312937
6325692719911106
9511803242631414
7895123123578978
7418529631234560
9911882277334560
5010649068083512
7891237539518624
6523145665231456
9960002399874908
7755556625031993
9011197673176429
6252275266437904
9671070914070186
5696336656735142
9914943835531211
7296183522926830
8874975484571743
9408070143656723
8171069799360348
6528058365280583
4976468750110534
9298317831730405
5443687713122115
6392858246796022
8397253120912528
7856987450210591
9652746546312352
8131488772885959
6233755862337558
1077801206293328
9714482692861360
6784952213456214
6554888818244694
9323762693237626
0010880402434006
8712200852158931
9132652485123427
9762141297217319
5054440302151989
5894393300000000
5894393300000001
8934024226401990
9903148625030248
6286323862888013
5825155302719465
5899415292295634
9591747892677763
5314110742123225
1976090770906791
9866450796900094
1818161618181616
5528552830558784
7300005192104041
5657892356548114
7421542774870944
9745638879123456
1997051658554300
5018588755203470
7745331775764900
8096860634250891
6066341960829080
2513843111281988
9690136695217086
5260119752607004
5794686455233044
6967116967116967
8864217886421746
9927550489440122
9750312468101982
7148852123456789
9518928844516247
9981358756280992
9268897601151991
7718332219302779
5325777293295183
2207198914121989
2337154822875471
6060725460157237
5201314123456789
7488137159157415
1609198310091986
7957207999039510
5202205267133041
9545993992901706
8267185897218321
9090717273747576
8999977656882104
5570234700594544
5291618010334241
9405150885215059
9007035946314435
1992042619920426
5204514709556783
9410111669100000
5593500152308559
8233977982339779
8899416094439072
8625196926976072
9824428606270302
7865491364136452
6332732289596541
6404144996181328
9205227766512345
9099795299875962
5650716056483963
5200530745966385
8802241113632337
5733341457000789
9885966193278558
5383135498544651
9595058945657478
5125330408294221
9988653599886535
9064129998631419
8510221061688403
6783363386783084
5213468541230919
6372540738496786
5643104656112025
9269637040451817
5105105105105100
5713035435713035
9110017396807672
0302270524775972
7920162516434246
8712129635290989
6953441122091963
5431597046649746
9100714065840510
9033378123456789
7707070804892526
8936198957832588
8565020388119005
5732831952118690
9612779497657911
5605460455092154
9993919977765250
5899260022011989
9908008319914728
1790906356212770
2801197128011971
5427154623892961
6914367691436769
6465989646598900
9743900629513132
9145407291454072
6454631454421215
9650313381282721
1990030419900304
5152936515461000
9944521234554321
7419631346798582
6515479812964825
9434658243519395
2804073008014000
9976789926457111
1989080419890804
8318378831837834
2412198824121988
1985061319850613
7418529637466931
9377442212345678
1314913149131491
5789195655103405
9722626597703274
1923957604031989
7119113120001992
5550123555012345
9643755209214123
0361684312448932
1983245780382942
0504197219981966
9856058990019355
5441705219071995
8542560549351134
1992092119920921
6248951742687390
5588619000010062
8723893598945742
7487724880211253
9909560323241100
5692053356920533
6818370921150309
8856249160214206
9182736451535759
9339692593396925
8319033077189848
5473034054730340
8330389591149284
5625400812355754
1987031919870319
5893295758932957
5745713010366722
7347771799774738
9986580573922929
5873279457061104
6044645130046475
9190990892669462
9534667325011989
9502110752809959
9966787099800503
9660785443124996
8171806199119888
7206635070020718
9382945493491691
2711199127111991
9153266177008825
9739741493428867
5849276654851459
5201314584848514
9373760297862978
9659083387101325
5413930837737907
8138199428577667
8402062082411950
1988110819881108
5936126951090554
7693944541281990
5526840059881210
8665394186653941
7515894727757747
9540914031991547
8423741963456852
9803929892963466
7504561966730299
1992102819870319
8548520132430377
9202153392021533
5450302626201813
7879336123456789
5722630888193490
8827960421218827
1351919913519199
6531030107653103
0878571419031986
5891688555615266
9921002299794400
2393292897651888
9620703691386193
1994199419941994
6634119504495654
9920255099082180
5958572759585727
8108697914850810
8075417158784191
9181957262567123
6622771155008833
5539510055395100
7894561230000015
7548865942155326
9073090497871285
8842955988429559
5357889531535353
6214807854818131
6246689988776655
5797919955612080
0043004300430043
6100066017168046
7508520163663308
5815393688110584
5108112312210633
8495752410443254
9569555395695553
9343132793433564
7451263987370769
8246642873155137
6042247404778677
9212525892324617
6691130927984949
7676530900906632
8898357465939822
1815586293779304
6358368688611992
7148145083047430
7418529637418529
7532159875321598
6889508797611679
5319778353197783
8569295629332919
9342934293429342
8655561984123631
5028361581102836
5350413012442378
7923711922780190
1989010319890103
9910588599105885
9570714896532332
6567697074969805
8127807491748439
1989061991609891
1983062219840622
7788190877817783
8465422140793283
6575726733886226
9103035202027785
2410199924101999
5523114079017788
7312339972620019
9118301191183011
5352273123456789
5677146996417765
1199773300440088
1987012819870128
6493014133498218
8415797432281722
6842317902587964
5540026221226138
5733654554411564
8246791331976428
9612076190031177
8876063258978406
2003012520050920
9102275692934129
6677110088886644
2312840042710205
7678900123698741
7426985214789654
5551237894685277
1125103108130704
8936111130893611
0103533613568398
9632147896321478
5535169385017788
7700115599888844
5835383358353804
2002199020021990
6036934404101020
1984120219841202
5686127456865648
5256959652569596
9336284191012599
9407180996498560
9969353699808245
5130946350762620
9910221192974744
8817123405160512
6700830681896460
1412360858184147
1805197918051979
1960011819620923
6308441935612468
6225625223922496
7331695568665188
5102534998311603
1990121719901217
1995121919940907
7249863586001590
5084032506110825
5954214107859542
1992122519921225
9800605593305993
9785586625558288
9787236336104820
2269100462110676
1989040112345678
5464291250035132
7895211257891583
5685293300171293
2823282328232823
9697146682373396
6293583723786293
9806925799085126
7029156025102002
6101987311547896
9650883796871896
5139164751391647
8842522352258688
6366237363669803
5032369689996390
8812073999786795
0000111122223333
9786172229670135
7928792573135000
5661915958353011
8004882118081992
9140504591403879
6755530724368683
9103311937601751
5887010623039693
6012889451404544
7926373747746233
5290010258995189
1056492611415279
5475287589631139
5117950024186597
5519120551912000
1077559511403920
9928009899144224
5721980564337000
5185418078340114
0021030402729137
9921337466831172
6677323166773231
7539518524561230
8228455842802099
9323481019931010
9311301053419308
2821726282172621
7124111077857560
7948065245309660
9944776688332255
1893197619942114
6681217666812176
5514984860122489
1906798452270462
5072910106961419
5578983657617065
5832229911683330
9801298197032617
1325381014059386
7605706573636976
9309252006259952
8500846494107699
9308300941002227
9058746441454300
5763413657634136
7555555555555555
5751741891123772
9152791997425232
7951455956764616
5970953905966847
9868160698672587
2606197602051983
5526527957820023
9787693407101995
5541112602774712
6566776571866984
9641244496412444
7898456512328325
5244145452441454
9760371493229581
1810194884910181
8943450126979856
9112161185101234
5512388596764545
5013501061208931
6767000319140628
5528252622442177
7790693405115300
9508829590724923
5552301255900065
6033715317863611
5211255230967521
7891401001041987
5537234773141289
3334210028121988
9785911997009442
7095642870956428
9979360220639799
9111012153406248
5420372103534826
5467899163407210
5000610845954125
5201314770880520
5524243859370855
6334564827233031
5458001100051980
6628291366282913
1209121812251231
0856705005428286
5877010037553913
9223565891181095
5668749724221409
7892057478920574
6233292089102347
8136732381072845
7641036027551136
5353164920391121
5565127332086258
5899415472260903
9767103397671033
9038703419506482
7412741953147596
9922146766499298
8528520745644123
6920692069206920
8190187519870719
5155048291616725
1981112220060715
5678332643582533
7920333804061991
5869191681495839
6044480044368322
8415018123456789
5427514356581111
7988949679889496
7330619727340619
5108102265101483
9484735519872748
5300810426029339
9010135192020773
5428682154271078
9750175093761949
9124579291455315
9357454897253237
5652062856522091
7754313669068921
5050505050252525
9970580035639005
1234433499999999
2350538419934368
9938581999743287
5760813957395652
5710497557104975
8164381643816438
5665849254760956
5410960102117385
7079062570790625
9638527410244638
7032574249289369
7686745253230423
5794247657519769
9655583722812489
9371648259164372
5606217304031990
7827290797189358
8522202198149009
9533905291309423
9309703193097031
6728802111092041
9934823499348234
8566854625662546
9619066793465616
9823314298233142
9532684527718142
9876543210412375
8711858898304096
5544233055442330
1478963214789632
6781621429526677
5450910146849397
6404972608524366
5960940434835764
7856964778965412
9743831097478139
9151935591123470
9825934998260116
1989120819891208
5581872555818725
9144312794899942
5431011576858633
9888800715297172
7848126915405790
1756509427199032
9978995987654321
6092278600267278
6701543761591232
8167564291123077
1992081019920707
8619871720037728
1988051819880806
9987596290906440
9874123657415369
6702208259398430
5908254591997359
9717237419121991
9859112596477804
9974727996354539
5672257355828959
7410852096307410
0494458872104944
8095602573141617
1989123164507627
6253082181317325
1992121519921031
5650982656571217
5323631653234595
9500126558260292
5753697557142783
8442158484230431
9995001064900822
5579201156345932
9018103726590321
5831759658317596
2007777777777777
9845599746521345
5370739053055178
9304314945018932
5895240100125607
7664812350357100
4213160034574951
3470370122816296
8818707599860454
9312121060221212
5034198459203906
6336736272735226
9891306178912082
5925539464320422
9735193499435339
8356158817503732
9589777832926016
5563420156115995
9083011690830116
9978540087623353
1545986754915277
9761234126881075
9287855042410456
6517832686406030
9931133496891119
1812181218121812
7894561234417198
6622448899551177
1941082019410820
9508074993609179
5180309003149289
9939168932363562
5733374157333741
6547822591230967
7761078281762336
6277625504264896
9191199409126431
7894561237894561
9934766708051989
6566632865666328
9735210391376482
7412113074121130
5859236392657214
1960198220022007
7896321478963214
5303106315316297
2002199120021991
6127188461952926
6800949935281898
7531436951436753
9490279901042007
8036557080365570
5077050001001595
9678845139315502
2758763079087918
9768435195183036
6873451234563768
7583778073846583
6395658606709370
9822361142372519
7410741096309630
9913164209898963
5855400153455112
1475369987412365
9007065175051750
9118144991181449
5860226259863180
9628895511132131
5654543478443339
5758450157584501
9386447468847850
5404442854044428
9988776655443322
5226920052545940
8287657128284723
5700824992928388
9127719640136061
9154118499113864
7774442211338877
9305310891026536
9730277897301428
9126308669269498
9112171557621140
8904409889044098
9614373296143732
7895219874123007
5562135458963075
2219699920085424
9874123789632178
1963011719870815
5424180750836006
8842446790995325
7777159487600715
8435284084789312
0390052314627323
1988110319881103
7744110298431765
9719313790153000
5522552255225522
9855348822460176
9326084893324680
7575751231233123
4892975102171989
5353534785858679
5306809552057703
7876459934597515
9996786789009992
9106165840365741
5758598319451940
9851084652138725
8421325832555685
6686724171529304
8254838218781997
6325260898433935
9713179537297139
9292108919871850
7735871952135589
1990061019900610
9863763098637630
7018425425804946
9879876546543213
9142671381303689
5550198293434533
5844503017112298
8829218732173962
9721817598660168
9628160496153701
9013642793669928
5520301372553836
1412486948691412
9509536497344980
6508983806052518
7673562686961626
9764114697656197
9876543210012345
9815628735414800
7510268512359632
5312025679835656
9897969594939291
5561203357615964
5358840753070344
5012443505278103
1987121819881109
5736911428830956
8960652389606523
9588190098364264
5341135453410609
7186404123123911
9769278697084963
5351021159357369
5417815481490010
5236045604561898
9228719736213051
2018242018244736
1985010219850101
5533212817553321
9632587417894561
1234432156788765
5177125480239392
7130407130407130
9003176000810420
5673122392341092
9368005893680058
1977785614000000
1111111111111111
9632403492290984
1969196919691969
9412982123456789
5119107248861209
6468525567823355
5557056335009666
2036552722029351
9642701221183671
9006565825121104
8084808580848085
7419538527415963
7419860121822721
8265141992826514
9366452693664526
5650390565039012
1359185961994208
9538742169420192
8262012296865286
9864079698640796
5533118877446688
1990091919900919
5710928251070492
1987112819871128
9390960693909606
9301115799239820
7046182704618212
6260306642484479
0907027962882588
5675592219900325
5985184328662680
8596337485963374
7113642860125855
9928723699287236
1392666617182912
8268749184458633
9210295432931721
6540423523432701
8084427919850402
2263186215281992
8645864536033603
5584393558439312
5539596483575102
9780312696443854
9359087357677799
9343373698069658
9742574497590560
1360190002919112
1809199908092003
2080440954757849
6391048863910488
1983770124171608
9720197795257434
7630182288164301
7224334601159323
5526372657515490
3159357258456789
8282673131311993
5864134659504584
8524569137951753
9063061404021989
9995857643152345
8368818383688183
8212589982125899
8297131891658290
8094717615500059
9466556723265988
5414658568723112
5179000800647707
6645732491123245
6660501198302145
6967264497057250
2718281828459045
5414668568723115
7126633230990127
8451565549322546
7117711771177117
1989032619890326
9611211020396243
6309426788313014
9784659893083158
5955392393271980
7803238123456789
6979058896671995
6037726864459602
9873214547025101
5331959593445171
5058233634852369
7414118408205882
6254921257999807
9005063863864725
9716097096839895
5630562055015400
7894561230789456
9636963015959510
9470318545823706
9876543219854235
0306312704047613
6181178661811786
8317115367723821
6767681211870000
9413410294134102
9843466493050929
8695905040026000
9429545123456789
5963011094149531
8563644192627587
5440754791508732
9906868123876252
9864230198642301
8621881586427630
6226562262265622
8866810635956388
1979121619740602
5124282450797778
1012202223242529
7894563210000000
7932039221236864
8748322364319309
9003231464200110
7901836954771227
6395422639542257
5513575689146812
7391468259330758
7556834567890123
6976179218245790
9997020325392943
1807252721022529
8201858909030101
5832239169529240
7432012528290928
9755098497122427
7958659184241874
1993031019930318
5148201562593026
9883684093127212
6651541266515412
6452665464526654
5520306753010594
7895123987532155
9966103399483658
9306117156815776
5632390554804019
8839176540801120
9421029332641210
5633696256084271
9219910507937629
5000000000000000
5426464126031993
6027487998091270
6857120405524680
6419144656475006
6447639268809047
8852013142841536
8095212247809521
9854371596248978
9774997017182006
5695644356958442
8822782828305061
2401199102121981
5554444741852369
5034311154359967
9302110163913021
9517532648951753
7164111611021992
7786610322214540
8862535190932058
7690812876908128
9632358092230442
7860113324998723
6543398565805985
9211102227743558
2841207123456789
6179771968123308
5579898744805167
9705968697059686
8906236195722846
8606063304020560
9964069299240007
6854408041499983
5360403353636946
7059511370195756
5208371124483123
2607197828101979
9060901051906090
9229658030405162
9700940892226613
8866789095714578
5752987057908997
8809187410236951
5876672053105562
9537759497316297
9487947794879477
9874123183578952
9383245643030311
5657098556484189
5705181292319787
9397765191392629
0302290890481693
1236978912369789
5148372792135970
7862529907005217
7897024163165895
1712198117121981
9104264209911285
1986689104041986
7909379800119800
5024123123456789
5179331816061990
7725772577257725
6262175797802581
1988011419880114
1526374115263741
1098765432123456
6593303366170527
8818956688861966
5892830011215407
5561574855610769
5877121453002047
5683959256525661
8085246080852460
5182418217041989
7101544159159159
9811071518091982
1982326419326419
3475901181544662
8604045280178945
0831224489205997
9857691896882078
8748894688181848
7821383889782116
5186097838609683
6743585746757694
9448601012384894
9331718999249083
9774899987074476
6983448486616983
9644271962375788
5821630137044756
8441582039555673
9437930227564973
7777777897777777
5851618010749891
9108010853511991
1985081619850816
9819433296492721
5614458856132015
9781373798565495
9209460492094604
6750534053459635
6666660102066850
9632165935652510
7606760676067606
9876532198765321
1981011019810110
9972509693866811
5442521555555555
9966343391340783
7935269799131720
6666666666666666
9517538426000715
9301416092621180
3567999153298642
5433933254525657
9466229094662290
9957361564540780
7486948685675921
5585429854258408
7989998998999999
6159141959354196
8592164873286410
9011085510901108
4800858427323618
9236234291568476
9928420099847518
8497908118097948
9754550091878295
9706309991152065
6419132888901234
9307210300700703
5788681055412225
9310932208101122
7780779315351019
5935636447678947
1989052420070929
9166499172664772
1141753184212999
6557391247895612
5373687245198610
8881598924470760
5588127055881270
8426852789456123
9953915612465340
9293363197003997
6948459663210210
8399100743268400
4275221118167810
1125937511251375
5818115056374824
7245609741258963
5881213532932400
1347970163512345
8547159753960031
8988906765505035
9564005920305909
5183328879500029
1233485978994253
1077801205278860
5678051854790503
8907191056537960
8828553415662500
9205270167023425
8410261384102613
6669852174563000
9848607195933024
1990112019860223
5044090031350440
5475043253428969
5278172650816384
5060708090100200
9301310594213562
6600206645009166
0403923304039233
5340020717271989
5017004170840917
7572107155077777
5626222622028395
5709350457093504
9553820993867205
6568176123456789
7080314620052005
7895215397513792
1987081119870811
5765324515765419
9911036586015880
5749168997496914
1918171615141312
5855189803177521
9988215899356992
1989030819650623
6196196195619859
6309640463481135
9878539867721360
7866063420357654
6482331964462835
5656808750375697
8507013651753040
6007716768089918
6006126946825105
9727548697546213
5457776249918380
1994011719940117
7291225797797408
5533112255331122
1988021943818759
7424293674246818
1994042019940929
9007191372800611
5081455066306149
8413121719248500
5021694750216947
9399931791412925
5758534557585345
5211689130846250
5211689130846255
0172990024174890
7741185746122106
8386546039844348
9293205296966753
1975198220022004
5834496658344966
1990032911315019
9759468968695624
9204598097155913
7874552301787366
5927222912385857
5553399535667699
5460235032145678
8239702182302521
9525770716282006
2512251225122512
6247621382471221
5729142857291428
8576619119871223
7855584222673511
6455062326325217
6218172123456789
9090630490906304
8948170923005664
6159617231853021
5517001055170010
5751159594162615
9209598692095986
5528948991233399
7777777777777777
8802011088256650
8412329525841284
9669272858313454
5860818386889193
5588996611997799
6577876901779644
7799882277993311
5601478523695601
9858088598580885
9535114295351142
9818323067537233
8547856952145236
8984731068690721
3864460796823344
9387913291073948
5601201665857001
9293948897643281
1389162223056497
9685464098491809
8406096332275056
8316424879005837
5557695314191151
5492219012159326
5397792453981521
5878220971193418
2896033289323698
9781587940088271
2172042000027187
6552451007812025
8801234513011987
9629849818061988
9689685445312510
0913062053263123
9396431726817114
9675907693891685
9099477150909930
5090800876735900
9433005103012125
5522631767311282
7724772477247724
7768212451040477
5626716777879956
7113198317121984
1989121619891216
9117030991258122
8008800880088008
1988051319880720
7701604802657701
