123456789123456789
175448682346519007
987654321987654321
123456789789456123
123456789147258369
789456123789456123
123456789741852963
147852369963258741
789456123123456789
147258369123456789
147258369147258369
789456123321654987
741852963741852963
123654789123654789
123321456654789987
778899445566112233
123654789987456321
671164796742141189
102030405060708090
913488071914343511
147258369963852741
123123456456789789
919191090909161616
099025084409509590
963852741963852741
221310809208031989
088639772098649560
321654987789456123
001354546034525568
213243546576879809
092251537523099752
200033200033200033
130719920747986587
541752509207630314
124578963571592684
472572109206143986
842657139001452021
619484143241012032
070425330841200218
771507277252189666
012881728368692478
093095626094482551
200512099917280000
121314151617181920
092045770302437018
963852741123456789
199630091017160414
159753456852123789
091642865857286457
052301070703053108
047356785055299178
268459713143879562
147258369369258147
001002003004005006
123456789963852741
099152495092926210
051335331060669369
199019111420136670
789987456654123321
086970535629041994
552883377557729856
053550242180532769
091989303084377498
012322728625028354
111215210111215210
159753159753159753
081561775946674632
919141680911025339
253119880876568246
987654321123456789
123456789012345678
333387532004040835
112233445566778899
966886240913565680
714640724241714240
666666666666666666
150791130272230289
850547934575395146
716692716692716692
321519042102251734
513495209179514262
580175367272782883
966855677966855677
564308155239643919
379862559165542400
765418938178172341
606535511654303228
610602198307220311
964595373965895616
930324166651234567
620030090772663716
787898454565121232
012561559677124023
552211008844332211
553505100755226496
250384250384250384
940620085332335703
951753852258456654
881016070911900502
917740924225503697
092561979029911354
789789456456123123
088626000015009001
262537412640768743
258456258456258456
980824194318648241
555862008620086200
999999999995201314
584124461498461560
966850803965603876
142301198602110015
789527412369874156
758029409185582781
912306326964666172
368020870230728704
624931762493833889
817920817920817920
741852963254520336
654654987987654654
383658686985797632
142621198710294132
401447401447401447
645345980088085170
999741234024941938
861214556326160060
378822101206958080
652301198103170339
789852951753852963
930503147645135926
761486943624143341
111222333444555666
631613696853535452
380222203675287552
920225025041337733
650044242630278149
923572952923723848
552984564158694960
900607537756435202
160905040713092435
607447737260744773
920617558986802604
899082598774739877
512463399052032671
741852963123456789
922125482272434503
658918100235917158
789456123741852963
842819950814789022
355647754309087234
835403163816682510
966747778553164308
825487281449001872
500109128845491686
379640187820994560
741258963369852147
982814752230120555
541972260711335454
551504725529011995
235689235689235689
619926744753214563
861863409219295659
142303199110024521
951207510205123789
873982750123380170
930421109987415383
566584925476095625
913658878913526033
916457344916457344
490868787490868787
748548474744444444
789456123431055705
088626000015004004
976947728326361212
999999999999999999
522122199009264810
552308100452351768
555770533101301962
993700600980540432
508215869506236609
245010509885150420
796704303386474155
107780120200800302
682589788120579120
506917417603391740
881220008914019530
546546213213879879
846960481958018542
920407057342042408
546239780448803056
914422119941422119
772211013110599155
965755895964469382
789726925347897007
995511775533885522
511046109287653452
388040426499747840
544735544735544735
206522789123456789
934715411992216515
191229181351420112
011043787002563477
633524693560138041
505813497026191033
880615671217190281
512476794512635241
861028265049019626
538254609819801980
731088300381351289
901028901028901028
868600868600868600
133022197706220972
861123871016910116
649112836913315679
551011709251130148
342501198506190797
890222125835121121
930628002574356702
645904387645587130
511003353699532235
960307088467203924
919639885911935125
968987941968358924
919032654917714059
741085209630120993
876543210876543210
091931108604527417
846957366854989719
551176260014261026
852658109182160995
921221121702807238
753515020859928182
930228067835992317
612325199106040511
936532908936532908
000000000000000000
749859109208301199
558796060905636987
510495960834948307
931105096595583710
380300999534977024
132926198111022414
987321654987321654
426858296358081192
575731090090137575
723662287768356229
932009409207549480
940717059132713354
552005996061811157
078185558319091797
645492918626923489
073911012010525017
552005538254274508
081859417514413636
112233112233112233
649353271649353271
785547628936954829
907390659011902290
753159753159753159
889266215889266215
123456789526322218
942412315103891230
272082045327519744
971305373074191129
910210000303961508
900729619263316949
959873419219920330
820331105389552294
998638502832496503
801726908569878555
542536481077432272
585164467193337915
501029541215700116
385031759685246977
850632809283505796
162347895162347895
368022076273479680
961411746532613680
952199596443132007
383660109399719937
525888885555555555
833653120729323472
585341514585341514
885522996633774411
142424198402082937
921119016024176850
501878005500356725
552380224422277390
940116086173471258
789852842681475963
984577489025713512
589274809183845053
989800785090016144
886679015099358166
940913068296389598
917049855917049855
523241319871598715
675662279635593985
965782296963195542
554022206658620902
567856873465089624
926001297965401875
552702431756736072
668598555859999558
930807068968764518
760954533878257887
353821900221016465
870606025739404662
540760708122150822
511110038577681101
109897683675577988
998877665544332211
963852741789456123
712251977010112801
159753258852258852
941005039852511296
788623414889788623
599495324599495324
969622384969622384
888888882488888888
100000000000000000
731996491540092094
919261410919684761
753503448339685868
553950999011131468
606695152415291763
861215521861215521
785820152214881366
649667765626280404
551824302653117102
120031204120031204
966895279967558730
923130680923202503
951753852951753852
965826294961061014
514245045009061975
627532795569267789
748159263748159263
912401028912401028
951357564951357564
551256190092776424
941110083822686815
987654321870911088
769283785729045920
830304040740809033
941018021702058060
913266582696357014
546582246853122648
789514753789514753
817001966506517817
900937809182604360
500103198707094426
986532147986532147
666546236546021988
940906020173644067
620818881117890105
910430510970321333
523200809212867952
564727727465511995
589581766620052005
151025350843736351
915424309184878771
562040126012123456
846955231846955231
727223518011993930
671175791022407452
517120115312135301
871005871005871005
928183753123456789
696239271239221117
650450950300750200
917818568914251153
633174010412582527
551287510257100211
