009627959593730777614533
565434523434556543452531
767371171771766746766746
131478963258131478963258
000101000001101110001110
511491994385511491994385
759849754879878975454958
000000000000000000000000
579190610102131914334577
574906957308030161969283
950607016527950607016527
852456852456852456852456
875124187512410988655212
932825016128619323524591
931005115209931005115209
565434523434556543455431
745213258215190111075728
922144039144314196059134
555257955770460127306072
992211222244001155116611
566482475709969156503497
993276796309154282632963
773322887733228877332288
235711131719232931374143
900520075131900520075131
159753123456789987654321
796321801014764293923159
