1234
2007
2006
2008
2005
2000
2013
2009
1994
1993
1992
2004
1995
1991
2010
1990
2003
1989
1987
1996
2002
2011
1988
2001
1986
1985
2012
1984
1980
1982
1997
1983
1981
1979
1978
1998
1999
1977
1976
1975
1212
9658
1974
1973
1969
1972
1970
1971
6969
1000
1010
8217
1968
1111
1313
1967
1966
1965
1964
1963
1122
1960
1221
1962
2020
1213
1012
1961
3000
1020
1959
2468
2121
1123
1210
4321
2014
1023
2323
2525
1957
1958
1011
8211
1024
1001
1230
7777
2112
1314
1223
0000
1956
1214
1013
1022
1231
0123
1224
1955
4444
1021
1215
1121
1220
1225
1025
1218
5150
1216
1205
1954
1014
1211
1015
1029
9999
1217
1228
1016
1031
1017
2222
1206
8220
1107
8221
1204
1120
1105
1028
1124
8888
1104
1018
1027
1125
1026
1207
1103
2424
1953
1208
1004
1414
1203
1127
1888
1950
1202
1112
1019
1219
1106
1227
1952
1030
1226
1126
1229
1007
1209
1201
1005
1129
1002
1128
1102
1108
1515
1101
1701
1130
1003
5683
1951
5678
0101
1948
1949
1109
2345
5555
1008
1006
1717
1919
1947
1222
5000
0808
1200
1908
1818
1905
0506
1945
1009
1113
1907
0909
1616
1117
0102
1920
1412
1903
0607
0505
3333
2526
0708
1114
0405
1110
0707
0214
0406
0001
1115
0711
0205
1116
1911
1946
0202
1906
0311
0305
1912
0809
0204
0306
0304
1100
2310
0911
0303
1118
0812
1432
0407
0408
1310
1500
0606
6666
0404
0412
2212
2911
2210
1324
8230
1690
1812
0507
0203
1312
2211
0308
1904
0987
0210
1369
2105
0110
0912
2727
1415
2580
0420
0103
1119
1402
1331
0206
0207
2312
0107
1357
1307
0307
0104
2311
1910
1305
0512
0212
2529
9876
1311
2527
0508
1928
0105
2205
0312
1944
1516
2106
2107
2528
0411
1512
1410
0612
2626
1942
1411
3030
0106
1235
1800
2530
0208
0608
1408
2828
0509
1306
2412
1405
0811
1303
0108
2512
1308
5050
1925
2305
0805
2510
1492
0211
2410
0511
2104
2123
0815
0810
1508
0709
1611
5566
2015
2307
1505
0611
1922
0906
0712
1407
1923
0410
2103
1914
1805
2108
1510
1304
1606
0209
2202
2110
1900
2204
2411
0309
2206
1921
1245
0803
1821
0910
0907
1309
0109
1930
1406
6789
2207
2303
2524
0609
1404
2304
1233
1605
2208
1909
1503
0704
2511
0905
0401
1506
1902
1321
0321
1705
0503
1901
0806
7890
0310
1323
4567
1941
1810
0710
0804
1927
2306
2109
1416
1504
1511
1804
0610
0510
2233
1610
0402
0802
2309
1943
1066
1302
2324
1940
1711
1300
1712
2203
1707
0921
1808
1507
0908
0903
0904
2505
0705
2610
2021
2711
1806
1718
1409
2523
0409
2408
4545
0220
1892
1924
2407
1290
3232
2308
0902
1403
0801
0823
1811
0007
0923
1604
0423
2522
0502
0604
0421
2122
2506
1803
2500
1703
1612
1301
1502
0605
0213
1509
0525
1236
1232
2531
0215
0416
1929
2508
1809
2406
0603
0316
1710
1801
2710
0706
3003
9000
1437
8989
0602
2405
2209
2301
1607
0403
1913
0415
2244
2810
2501
0112
1706
0623
2507
0315
0504
1939
1423
0816
1289
0901
1337
1704
2201
3110
0807
3112
1916
2604
0325
0501
0701
0302
0813
0821
3006
0713
1602
1926
0621
1802
2503
0313
1608
4000
1401
2805
2611
2404
0301
0824
1708
5254
0425
2910
0822
0703
2504
2808
1288
2705
0828
2101
3434
0414
1617
0513
0424
0317
0330
0524
1523
0721
1315
2102
2532
0218
0723
2520
0121
1603
0521
1520
0314
0323
1917
0814
1488
1322
0528
1501
1776
3456
1881
0601
0426
0818
1316
0326
1188
0825
2100
0515
0217
1807
2812
0125
1420
0327
0702
0224
1709
0522
0201
2536
0925
2401
1932
0714
0124
0520
3010
0922
1325
1702
1320
5656
2409
0717
0422
2403
0624
0625
2521
0913
2712
0928
0919
1820
1177
0318
0924
2606
0428
0927
1609
0722
1425
9090
2502
0417
1600
2811
2704
0920
3001
0929
2509
8216
0429
0622
2904
1938
3131
1379
0427
0331
3012
2612
1819
0221
0613
0916
0523
0831
0915
0626
0918
0128
1937
1421
0518
0223
2707
1789
0531
0126
2929
1138
0914
0328
1430
1936
2288
0926
2703
2302
2535
0225
2499
2332
2906
1521
2402
5454
0930
0216
1422
3011
2804
1287
0826
2326
0324
1469
0725
1823
0122
0120
0320
0413
1873
1822
0917
1400
1933
2124
2425
0418
3004
0529
1080
5252
7410
1618
0616
0727
1601
0526
1525
0620
0519
0129
1326
0724
0618
0819
2909
0715
2912
0728
2803
0628
2533
1317
1918
1935
2806
4242
0322
0514
2111
0127
0219
0614
0329
0615
1199
4200
0516
1890
2609
0430
2708
0419
0319
2907
1875
0527
2605
0131
2607
2608
0113
0517
0630
1518
0827
3105
1256
8520
2905
2030
1621
0820
3005
2903
0830
2519
1187
8250
4711
2802
2807
6996
1824
1318
1424
1133
1418
1517
2809
1524
2801
7878
1688
0829
1434
0817
3007
0226
1723
2016
3008
0011
0619
2706
2901
2327
1934
1417
0228
2113
1090
0617
1721
2709
1620
0114
2125
1623
2601
2200
1134
2602
2325
2603
1931
0115
2022
0117
1088
0118
2539
3108
7272
7788
3101
1327
0530
2518
0227
0627
0716
0130
2025
3210
2908
3107
2277
1269
1243
1098
4040
0629
3103
2314
1478
1286
1522
0718
0719
9898
1150
1590
0729
3636
1428
2213
2369
1189
3113
1722
1295
2223
1899
2023
8701
8787
1293
2024
0720
2534
1190
1089
8080
6000
2469
1622
0116
1825
5200
1099
0726
3009
1889
1328
1294
1285
2517
1915
1330
2255
1530
1254
1250
0731
2702
5225
0111
1526
1299
2516
1040
2515
1284
1278
1624
1390
1192
8212
1619
1092
0730
2426
2550
7399
2514
2126
2701
2589
1388
2486
2300
1086
2120
3535
0119
2442
1891
2552
1185
3123
1298
1292
0222
4747
1427
1828
8899
2488
1195
1155
0012
2018
1719
2315
2214
1319
1727
1280
2131
5300
2513
1441
1392
1144
1296
9696
3200
2389
2728
1191
6600
1431
1827
2134
1874
1184
1419
2313
0077
1239
2169
9900
1814
7000
1258
2388
2316
1186
1625
1788
1291
2127
2188
2390
1519
8000
1700
1196
2321
1426
2538
1087
2882
2400
1893
1513
1887
1593
2218
1238
6288
6464
2118
1489
5858
1830
1433
2537
1085
1591
2224
2427
0013
1283
4455
1728
1826
2229
1592
2017
8226
1436
1178
2627
1589
1720
1069
1277
1886
7474
8910
1183
2116
3737
1181
1050
2289
1725
1689
2216
1193
1329
1895
2992
1490
8181
2428
6699
7575
1528
1275
9292
8907
1626
4848
2829
1345
3344
2391
6669
2269
2789
8484
7373
6868
9800
1095
1198
1691
2414
1248
5757
2114
2117
1456
1793
2128
3579
2600
6767
8686
1077
1237
1724
2317
6363
1487
1869
2115
1628
2234
2050
2119
1082
1588
2384
2318
1182
8008
2356
2891
1169
1551
7007
1180
2415
8383
2421
1281
1413
0069
2319
2215
7979
1878
1179
2328
1033
1882
1255
1514
2130
1093
1389
1386
2190
4201
1435
2588
8806
1282
2287
4488
0143
2191
1790
1279
2099
3310
4343
1091
1884
1627
1771
1194
1197
2290
1885
2387
6262
1094
2185
2189
9009
1896
8282
2413
1829
2225
2019
2662
4141
2217
2027
9988
0147
2040
1880
1730
1096
3100
2266
1393
2187
7891
2028
2026
6565
1084
4114
2284
5151
1786
3500
1032
1729
1791
8585
2230
2489
4869
1143
2186
2689
4123
8705
1395
3377
2930
1529
1394
1726
5674
1894
1453
6453
2129
1429
1714
1491
0023
2583
2386
2772
1452
1692
7676
9595
2029
2330
1247
1081
2292
3211
1485
7414
5366
1876
1131
7171
1397
8891
2431
2448
6977
5353
1898
1083
2232
1587
3838
1387
1527
1340
1897
1145
3388
6688
2231
2684
1055
2484
1244
2285
1813
0003
2628
1787
2691
5377
0789
2393
1596
1775
1297
1391
2320
3220
2416
1075
2322
1872
1259
2286
1883
0014
1493
2291
1792
2429
1132
1585
5432
2902
1715
1274
1377
1687
5505
2690
1045
1815
1816
1586
1385
4646
9494
1276
1471
2219
1097
7894
7799
3031
3214
1251
1242
1147
8890
2226
4224
1166
1486
6060
0021
2791
2383
6230
1785
9191
2569
3355
1267
1266
3121
3366
5588
2293
6425
3120
2274
2487
1175
2385
3141
9393
5253
5500
1380
2991
2430
1865
3939
2392
2184
2090
1569
1350
2729
1332
6988
2377
2551
2329
1257
2587
2490
1877
1669
8990
2586
1246
7787
2180
1531
2378
7734
1477
1784
1038
0022
1479
2477
2417
7600
1480
2422
0010
1056
1346
4500
2088
3223
1135
2540
7913
2282
2790
2418
2295
1879
2890
6161
5472
1079
2686
7117
5577
2591
7997
4554
2988
2278
4077
2787
2585
9119
3002
2423
1358
4422
8789
1595
3303
1685
1613
2688
1342
8889
2333
1078
4221
5589
2192
9654
3300
2331
2299
2800
1630
1482
2132
2788
1265
1174
2456
1355
1450
4204
1580
1713
5689
0002
2990
1170
2193
1240
8800
1035
8123
1334
1333
1156
1693
2493
5123
1629
1661
8669
1495
3369
1272
2888
5522
3399
7707
1381
2590
2395
1268
1359
2145
3690
6869
1347
2420
2133
6900
1260
2584
2491
1076
1074
1072
0099
3323
5100
1384
2419
1273
1794
8706
2394
2485
1614
2194
2492
9111
1579
2630
1795
1060
1870
7070
1253
5959
2830
2183
2091
2220
2221
2483
2480
2582
2085
7711
1871
5646
1863
9901
2199
8807
2700
1831
3212
7789
5477
6661
4400
3825
5525
1483
2723
9801
6300
1065
2892
1597
1836
2357
2494
5673
4477
2481
1176
0004
1680
1684
1152
5623
2889
2227
1241
2380
2334
6677
1458
7896
9797
0786
0800
1664
7227
3321
1252
2236
1856
1157
1382
3311
2272
1172
2089
3313
3104
0369
1378
2355
1777
2195
2545
2730
2143
2989
1584
0018
9001
5891
8788
1141
1159
2177
4949
2549
2281
1356
1472
5775
1064
1599
1598
2478
1470
3250
4589
1817
5599
8588
1550
3412
1583
1532
1783
2579
1438
6891
1850
2181
1455
2228
8605
1067
1383
1137
2341
8462
1047
1073
1678
2283
8246
1577
2337
1848
1360
8604
2813
2280
1171
2150
2087
8687
1782
2786
9905
9903
1494
4411
2987
3264
2792
2793
9293
1475
5005
1054
4100
1070
2142
9899
1375
4512
8991
1615
8426
1042
0187
9911
1845
0990
0991
2245
7879
8808
1142
2294
2885
2785
1445
7887
1376
0229
3221
1344
1686
9500
1158
5456
2815
3773
6989
2479
2687
1057
5210
1694
2495
2254
8811
8791
2816
1071
2713
1860
3400
8892
3188
7500
2629
2887
2093
1366
1263
2595
2482
1867
2547
2382
3205
1352
1542
1154
1631
8586
5569
2262
4569
9210
2913
2496
1632
9966
1594
1731
6123
1396
1270
1151
9123
0015
9211
8898
5001
3991
4004
3132
2032
1533
7827
2379
4020
3117
8503
3393
2714
1053
2242
2581
5115
2381
6630
2250
1716
3721
1264
1165
2599
4591
1699
9889
1681
2080
2886
2432
3322
6987
3125
7412
1499
8284
2086
2144
1368
3124
6911
2433
6942
2825
9669
7285
7899
2985
0017
8122
2593
2685
3213
3600
3106
2455
1682
1399
9394
9192
1037
1140
6500
1058
8822
1161
2435
1861
2396
8421
3693
3201
1781
1271
1034
8487
4523
2178
2279
1335
2541
2548
5544
7733
0891
2692
0690
6275
1481
0024
5885
2592
2399
1844
2344
5234
1854
9112
2900
7700
5455
4420
2893
2718
2275
3173
4300
0071
9012
8688
2182
2693
9008
9600
0587
8486
1364
5610
1864
5501
3699
2342
1046
2031
1855
8805
2622
2769
2722
0019
7277
4521
3090
2613
9110
1683
2252
1457
3312
3191
1062
1769
3663
0016
4891
2694
7781
8869
1484
8642
1365
2818
1164
1167
5665
9891
1582
1044
2617
1750
9904
3122
1440
2894
2717
2795
3022
9989
7610
4600
5233
1575
1036
8485
1459
2814
0258
2678
2639
5859
2719
4884
2350
2784
2621
1173
1043
1354
8900
9495
0009
2374
1262
3020
9802
4862
0889
3883
1666
7667
8732
1732
1249
1498
0008
0100
4578
2980
8488
2092
3190
1833
7800
3800
3390
0880
1474
3133
3130
4207
0890
3186
9193
2983
8482
1049
6606
1567
6913
3021
9906
1052
2822
0192
2248
1853
5464
7447
5321
1545
2883
1633
4211
2273
0025
1136
1650
1852
2995
7861
1540
3339
6400
2794
2434
2436
2781
4404
3102
2258
0005
2884
1679
2276
4110
2780
1773
7778
1148
7782
2256
1153
3315
2880
7980
7714
9977
2695
5600
1866
7467
9902
3698
2198
6972
6970
7411
8100
8200
7926
2993
2624
2986
7677
2679
3025
1371
5201
1059
3215
9981
1578
2683
1496
8081
4130
9007
3233
5263
2564
2147
7982
2135
2716
0160
1372
1780
7123
2782
4590
0070
5585
8118
2196
1041
8283
1149
3891
3115
3114
2720
5299
3036
4563
3169
1555
6610
2922
8790
4789
2544
7766
3410
9799
2614
2996
4210
2083
3553
3791
2819
1447
7981
8228
2715
7664
9294
2681
1868
9987
3733
2347
4588
5966
2625
1840
3111
6991
4568
2667
8689
8210
2175
3326
5400
1051
2623
1770
2543
3013
2247
1465
8844
1146
2616
8183
8182
2045
6190
2246
1068
1039
1832
9596
8691
2165
9105
1349
5953
2831
8905
0288
1497
9874
3305
7895
3711
2726
6901
2240
2466
2365
6886
0788
2179
1168
2474
6905
6971
1341
3092
1857
3301
2296
3116
1798
6002
5152
1367
2366
1063
3262
2931
5533
3126
5700
4112
2352
3216
1778
1444
2343
4556
2265
0033
2699
2498
9010
2615
4011
5567
1351
1363
3128
1835
8121
2235
3993
2475
2820
2783
1695
1562
8523
1536
5791
1339
2297
2376
2140
2823
8587
1799
6680
1160
3127
5002
7769
6907
2546
9205
1696
2879
1859
1640
7783
2084
8855
8384
9791
1362
5011
6686
4812
3234
2358
2141
3411
9091
1348
5512
2578
8908
3189
3435
8589
4125
3192
1061
5412
6644
1261
7882
8124
2899
4213
4231
2869
2594
1571
3334
4546
3288
2917
9779
2033
2264
2619
2450
1535
3187
7172
2046
1454
1451
2895
3421
5280
2473
7669
2598
6904
5606
1560
3691
6279
3142
5590
5595
3185
3345
2298
5020
5565
2663
5657
6788
3669
3325
0988
2069
9805
6667
1343
8521
1847
2696
9395
8001
5511
5277
2731
4456
7780
7400
7002
8385
5490
6543
6100
3269
1796
1162
1565
2136
2697
5679
3306
1398
3551
4466
9798
7679
2137
7755
1834
9597
1374
8877
9021
8992
8184
6979
5112
2918
2497
0088
5789
5499
5452
5335
8404
2367
7475
4800
9632
2170
2171
2176
9598
5289
5691
7845
4311
7321
7991
7722
4001
8199
3018
0777
9909
2197
8901
3304
1573
7784
2577
2257
3184
2370
1476
9002
6790
8812
2680
6200
6101
4424
4561
0687
2677
2565
5309
2168
2166
1862
2346
1460
2779
2994
1572
9496
6111
5421
2048
2620
2095
6801
3314
8302
8505
1564
7477
1581
9109
3014
3015
9803
8988
2034
8201
8906
8902
9311
7785
2259
2253
3389
2566
4269
4220
2467
5411
5213
5211
7889
3420
2359
4212
8998
2398
2821
5900
1139
3027
6264
3650
7337
7210
7211
7654
2035
3181
2082
6280
5494
1675
8504
1442
0688
3425
2237
3023
6985
2354
1733
0028
6690
1576
8833
2470
3283
3091
1534
3202
8088
3089
8712
4653
4499
2563
1163
4566
7673
5255
5489
4475
5698
4113
3024
1466
8911
1563
2243
2349
9698
2877
5312
1467
1463
8903
0590
3040
3443
4791
7786
3230
2148
2465
4031
7476
5214
9510
2979
7678
5051
2556
0852
1654
9106
8765
3505
4585
2153
3109
8188
5462
8288
7893
5523
2094
7797
2464
5010
7883
5611
2174
9212
5283
0027
3177
5506
4406
5632
3180
4484
2251
8310
2846
3383
5224
5521
6006
2981
9499
2666
5012
0689
5055
5612
3510
2271
8810
3900
2921
1336
2596
3536
5682
5433
4587
1851
9699
5466
7465
3182
4050
3689
5326
2044
5121
9700
2267
0586
1670
1541
4565
8500
8264
1553
1557
1556
4433
5188
2476
5688
9804
3489
7177
5513
5272
2618
2156
1642
9114
5469
7779
8311
6678
9955
3478
3307
2665
8213
5262
3474
2778
8301
2241
1765
4111
5446
1370
5101
2826
6692
2160
2542
8912
9300
6120
4206
1468
9011
3591
8203
2036
7773
7771
8186
2457
3088
5290
2721
3811
2363
7984
6689
3324
5107
8778
5690
6465
3612
3455
9200
5586
5587
6624
1698
9697
2075
5515
2154
2157
8285
5788
3789
5420
4412
2631
9195
7795
5021
5125
1846
2982
5491
4121
4120
8082
5212
2138
5800
3026
4312
3129
2351
7718
5504
8792
6776
2164
4002
6321
7531
8624
2070
3700
2151
4010
6633
5826
7892
4691
8388
7701
2984
7688
1672
7792
6305
6999
6691
2368
2817
8866
3569
7905
1665
8690
4205
6369
4105
4407
3244
3606
2155
2777
9498
0006
6921
6488
7898
9092
1756
1755
8386
1636
4469
9806
8402
4562
8506
3195
2360
2669
7988
3224
5488
1554
1373
5747
1734
1048
9986
9305
1651
4700
5110
8433
8802
4689
5639
3296
8594
2453
2372
1353
2725
5687
3278
4290
6482
2268
2263
5626
1849
5520
2097
1797
7791
7985
0787
2799
4664
1668
9101
2270
4550
6655
9295
2060
3256
3179
3217
6521
3610
6226
7577
2348
2878
1439
4506
2077
1574
2081
4410
5223
7744
5991
3119
3118
1677
4421
8403
7274
5654
9512
5250
8823
0020
3028
2567
2920
4511
1473
5103
1739
3218
1772
6266
5187
4101
3016
6978
1464
5355
8002
2260
9412
0666
2152
7897
9400
5621
1842
5333
1448
3512
1838
2438
6986
2397
4243
9100
5155
4405
4401
3245
8472
2373
4682
2770
7699
8286
2454
6116
0032
3080
3511
7126
1634
1674
7793
6001
5130
4905
7900
5264
5445
4357
1338
7721
4244
3452
8191
5995
0351
8668
6020
4102
9288
2914
5711
4253
3206
0289
7588
2458
6556
7300
3084
3387
9701
6791
2440
3150
1843
4245
8020
2055
8704
3392
7712
4520
7986
8083
5535
7077
1552
1559
5288
0026
5467
0486
5401
2167
6463
0079
0190
5786
2336
0231
2916
2919
5232
4826
5671
5510
8801
2999
6670
2042
2575
9503
9405
5869
2881
5524
3255
1543
4122
8405
7512
7881
4673
2898
2238
6210
3290
5502
2923
5105
8993
5507
3578
6131
1752
9304
6566
9103
8192
2335
7877
0230
5354
2915
5677
3207
1742
3316
3404
4494
0388
8818
6405
4991
3193
8707
3266
9511
8825
8786
2173
2555
1667
0900
2471
9933
2925
3490
2682
6906
1735
1655
6263
9660
0199
6225
4108
7377
8321
2340
3487
4283
2653
3330
0390
8803
0286
8185
7482
2451
9521
3343
5203
9004
7100
5580
0790
2560
1635
1548
6605
3545
3265
7880
6454
4190
5575
2896
1660
0169
8878
4182
3019
1566
7200
9182
6591
3501
5551
2733
2459
2636
2633
2047
7105
3231
2568
6800
1745
6102
1361
5410
1643
2676
1837
5256
5484
9856
4316
6336
4215
0989
6902
7425
5624
1774
5503
9207
5686
5582
4301
0078
1461
5911
5231
3407
9990
0182
4255
8084
3927
7869
8893
8711
9991
2969
0791
0389
8401
3077
7110
7884
2978
3166
9117
5578
5282
0029
6012
3482
5106
6696
9982
2447
7747
7488
3378
5310
3095
8103
4486
3705
3143
9116
5592
3308
1570
4132
9194
9199
2375
5220
5584
0055
4464
7794
9229
6990
4423
9922
3198
3225
2975
9753
4192
2559
3069
1558
3320
6980
5987
5285
5104
7424
3777
4208
2163
3577
6163
5545
0031
5478
4202
0357
3588
4505
8884
8987
0394
3405
4152
4688
1743
8187
5463
7867
7865
9688
6676
3087
3277
5060
0588
0098
2724
1676
1546
6306
8400
8600
1443
8023
5389
2747
2926
0985
7727
5901
3615
9306
4142
6974
5118
5032
6968
5230
8848
3742
3204
4580
8804
5191
8904
9204
2159
5556
5324
6923
7706
3710
1841
8305
4223
2856
2460
3196
7717
6912
7801
6684
0495
5532
5486
5388
1662
5284
5281
6983
5301
9299
5492
1779
6466
4850
4106
0153
1697
3289
5311
5315
8886
3099
5236
3524
8104
4582
6277
0189
1748
0044
4452
4485
3590
8055
7705
9603
3515
7749
2445
2261
2855
3566
6494
3227
6299
1766
3987
5576
5573
5102
9497
3454
4104
7579
1568
4041
7873
5431
3282
4501
4247
4389
8105
2698
7289
2998
6234
8595
9875
9104
5593
9890
7201
6110
2371
5768
2574
0770
5120
4491
9502
9505
1757
7189
3033
7790
6201
5458
8306
3353
6705
9969
7112
7983
2674
3228
2977
0493
2635
8494
4030
3662
9812
6698
3219
3571
6462
5189
3050
1659
1652
3457
4007
2675
2249
3692
3696
2874
4408
2078
9301
0550
5878
3140
0188
4701
1648
6233
4217
8312
9399
4414
6070
5122
9702
6284
1759
0291
9907
7812
7810
3477
4268
7311
4124
8300
5892
3199
1671
6420
6455
9877
4900
3423
9591
5384
4474
6611
5402
7485
5208
2065
3254
2827
5693
5701
4188
9202
9108
5787
5783
7374
0292
6589
9691
2796
2654
8204
4480
4489
2572
4774
0591
9455
7586
5591
6872
5168
8558
0383
4911
7684
7680
5496
6105
6103
5557
8406
5896
7273
7275
1644
6194
5531
7191
2162
4592
8110
4599
0191
9203
5153
7111
3017
7864
2876
4402
9396
9995
1858
2774
2997
8591
2452
9912
4570
4532
5124
4203
6446
0585
5526
3890
5564
1547
5291
7288
4560
3194
5721
4522
2672
3060
5658
6199
7886
6682
6687
2172
3178
5406
6981
5207
3175
2161
2745
0197
3284
3589
6910
8985
3093
4416
2096
3208
8205
7383
1747
1740
0284
9113
4612
6311
8675
8318
0300
8897
3276
7405
5369
9006
9501
8819
6283
0487
2146
8090
7080
4227
2462
6700
3812
8606
6703
3624
4901
1760
1764
2558
7901
5287
5696
4116
7226
3291
5305
2927
2597
7426
5040
4189
1657
4490
0072
5391
5390
6973
9731
5030
3242
5712
8206
7776
8287
4610
5424
8511
3082
4299
6191
9601
0792
2562
0480
7391
2149
5563
1549
5602
2463
6888
7478
4525
7989
2798
9513
6411
7193
6810
9599
5258
5692
3486
3293
3302
6982
4788
4787
4785
6260
5184
9107
6612
5785
7860
0034
7576
3331
6668
4344
9980
5755
8769
4288
5140
6769
5235
7178
4586
2775
2776
9115
8085
4663
5465
3309
4450
3162
1544
3183
2573
4292
5479
7104
3235
7490
0384
8814
6289
7557
8290
4547
6805
3319
3318
4323
6364
7798
9821
3886
7856
6106
5893
6040
5667
7550
6292
0498
8491
3422
5487
3467
6211
9215
5205
4510
0699
5229
5625
4187
2444
3570
2756
9303
5393
3458
5685
5475
4209
1561
4144
8723
7682
2873
0893
3240
2833
6590
9611
6456
3601
5634
7283
7266
4250
0691
6512
6265
6157
3686
6711
8894
3275
3384
5364
6587
9003
7001
9401
5863
0589
4306
1754
7686
7280
6903
4994
3032
2239
5374
5015
4287
7757
0494
5052
8225
1768
6575
9402
9404
5302
9296
4515
3496
3495
5248
5601
3416
9985
1751
6162
9201
4107
6245
5437
7250
4286
3521
3506
5192
6393
0593
3546
9312
1645
8180
7829
7589
0200
5322
3821
2043
9005
9602
4492
1753
0293
1673
9225
5292
7310
1744
5459
2850
5156
9811
2054
3394
5246
7113
6187
6188
6681
4801
2897
1839
4233
8281
0484
0485
3295
5202
4513
7121
5007
7992
4670
5508
7911
7833
6122
5583
2446
3045
4403
4503
1462
5114
5113
4281
6768
5239
7179
4487
3507
0391
3401
5199
5198
4685
0594
3145
8850
7691
9873
6366
7546
5426
8314
4413
3479
1539
5963
9507
0986
7689
5562
4225
5890
7106
5659
6781
8824
8828
4199
2553
9216
4712
7221
3901
2353
7269
0981
3492
0469
3258
2824
1737
6694
4128
2748
3415
5182
3055
9663
7290
5392
6221
4896
6623
7484
9094
7866
0899
8880
5117
4602
2797
5758
3085
9887
3745
2037
5274
5278
3406
3604
9810
3445
8599
4218
7489
0500
4191
2570
3386
3380
9504
0489
7147
0678
3654
8387
0290
7685
3677
9224
9220
2098
4229
4390
2058
7511
5652
5810
5811
1763
3424
3888
6010
5906
5882
3712
4214
2868
2924
0692
8489
3174
4593
4748
5186
3595
3134
3611
1656
3450
5888
6622
4305
7681
3373
9388
4502
3488
8887
8881
8272
3247
6593
7384
3078
7282
1741
8592
8590
9872
5792
8189
7826
9786
7703
5221
5227
7605
5825
4890
6388
5109
7593
8291
5560
4325
6541
9122
4769
2056
4168
5415
3391
5241
3522
8821
6294
3621
8785
3984
7190
7071
5482
2645
5699
4115
6984
8412
7325
5404
3299
9025
3157
3251
5044
7292
9908
3375
9289
8885
4282
4289
5518
9411
5581
5190
6390
9206
9189
9310
1641
9102
5160
5460
6636
9087
5423
7448
0035
8512
8896
5023
4298
9705
9506
5267
8817
5862
0481
7390
1758
5004
9321
6505
7188
3317
7854
6104
2364
2362
3396
5215
5219
2673
3222
2139
7806
6782
6785
5053
3625
2634
0600
5286
4987
4988
4232
2472
6890
3360
5304
5306
7625
5108
5905
9897
4678
8699
8956
2648
4185
7767
6469
6523
3137
6504
3652
3332
8422
9788
0234
5694
5695
8569
7173
2650
5676
2576
5193
4687
1649
9870
7580
5594
0886
9493
9910
5308
3151
7205
6119
1538
5162
8633
3086
7704
6483
7606
6588
6922
3335
6487
0385
6797
0488
7708
0295
3436
7977
3679
7811
4462
3792
6993
6604
5337
4564
5898
8601
2051
6889
6290
8684
4195
0897
2554
2557
6178
8266
1663
4117
4180
4310
3904
5986
5145
2864
8876
9023
3054
3618
3051
7291
4445
3695
4140
5436
2875
6599
4285
6402
6477
4583
6272
6274
0183
4251
3203
1647
4216
4454
4334
3502
6310
3688
6112
6113
9398
4177
2041
3491
5969
7601
5822
8011
9706
5669
0387
4912
6410
2765
3678
5495
6301
8307
6704
6707
3263
3268
2933
5136
5131
0784
9516
8820
8223
9678
6212
4985
4118
7569
3327
5413
8411
3806
5886
6654
3575
2064
2066
0694
7491
5222
3170
7471
6269
3414
5847
7293
5784
5684
5680
6185
3287
0895
9187
9188
3094
3241
2834
2832
4649
2659
8106
0595
4252
4256
5622
4012
7585
3687
6878
6870
3340
8783
0400
5169
9993
5022
3270
6585
9703
5662
0795
5269
7180
4810
9221
6205
4222
3645
7115
7874
6182
7888
6918
6452
0496
3165
2632
2757
5579
8379
2439
3466
2443
7224
5206
3252
5802
5605
8919
0193
5546
7378
8420
6325
5154
8721
7532
7212
0892
0898
4507
3481
4601
2076
5912
2039
5672
5516
4481
7774
6479
0392
3701
7525
0280
6511
4790
5793
4969
9588
9088
4350
7445
6673
3824
7102
9606
5534
4496
5266
5629
5529
0298
3912
3431
7183
7595
5568
6108
8190
4169
5417
8448
2932
7710
6491
0993
4625
2974
5251
3160
3660
5380
4478
6578
4989
3029
7222
4236
5887
5403
6893
4516
7622
5006
5009
5008
7990
7999
7492
2965
5806
3999
8917
3614
4230
0198
4003
7495
5159
7904
6975
3484
2074
4280
4320
2950
7770
0399
2655
5874
4680
5635
7690
4219
2571
2643
3164
4133
7206
5422
2844
5327
9992
5294
3381
5226
6124
2668
6195
0799
8219
0296
6502
8584
9865
7234
6204
3359
2858
2461
6601
5334
0269
5414
0995
5132
9711
0686
6183
3525
8829
8969
9339
8921
5387
4472
2646
3469
9213
6613
4555
5889
8611
7264
7479
6656
2928
5647
7723
5808
5041
5604
9983
2750
5547
5394
0978
6166
5990
4044
3280
3379
8522
8883
5116
4647
8004
5713
4483
3408
9994
5879
5195
2771
9313
4262
6352
5797
3644
9490
7304
9685
8895
9190
7403
9630
7623
5474
3704
4493
9407
3155
3637
7683
6345
7591
9587
1749
4126
8304
4425
7510
6492
4528
1446
4622
7119
6780
6787
0491
3764
4806
5570
4277
8227
5790
5483
5383
4432
9173
4156
4158
5541
7522
7263
3292
7423
6695
5342
0569
9307
1658
6468
6362
6365
7578
4313
5769
3911
9099
6021
4143
7458
4508
3485
7650
2079
3246
7174
8108
8202
3504
5279
8909
3070
7284
5554
0281
4266
6510
9118
3656
6115
6966
9391
3592
4577
8519
0246
5362
3790
9707
4497
4498
3567
2449
6281
2561
4692
7687
7181
4265
4990
3350
3197
5779
4161
1449
2670
6293
5054
5293
7907
3666
4184
5988
9177
9060
7326
5598
6892
6899
0887
9291
8994
5249
3419
5704
5180
7912
0074
5542
7312
4005
6627
4544
7333
6022
5430
3281
9695
0894
3580
9283
7299
0195
6169
8986
5759
9013
9886
9880
6598
6679
5270
9998
8809
5876
7382
9653
2158
5550
0287
8593
3363
8432
9491
4008
3785
3788
3599
6712
4575
5025
3083
7505
3271
4295
5964
6583
5664
9406
6286
6282
0299
6506
7184
7185
3672
5561
5643
4324
9488
9808
5829
9871
4226
6994
5332
3810
5171
5777
8700
9710
7987
0682
5705
5666
0783
0785
5257
4808
3168
5613
4197
9631
8490
8495
6258
5852
7192
3990
4887
4696
7223
4234
3808
0482
4889
4150
7268
6894
7469
0885
5303
9979
0583
2061
7420
6490
7724
4677
8112
3034
0073
0075
4246
4440
6569
3286
3376
6664
8466
8525
7656
5119
2071
9121
3746
5710
7775
5276
6399
5630
4573
8394
5493
2736
5468
7486
3787
6474
8510
3822
4291
6484
7602
6584
7107
2664
8177
6193
8022
8995
8815
4690
3715
7137
9449
6501
4022
9589
5855
3473
5298
6303
7233
5450
5453
4228
0333
3815
2361
8703
7276
7278
5416
5418
6884
0998
5653
3526
8827
6291
8120
1762
8920
7194
7808
6179
5481
4986
5884
4151
5408
4878
5307
9978
9020
0294
0696
8150
3253
6908
2968
8762
8694
2647
4183
2441
5247
3413
5399
4103
9807
9093
7217
5434
3285
7456
5314
4603
6061
3098
7732
2652
8101
3209
5514
0393
0398
3409
0592
7388
5633
3547
0285
5405
3368
4899
7824
8289
9492
5781
0345
3786
6312
3684
9687
4415
8477
8782
4611
5766
3279
3385
7406
8012
6196
6192
9604
0798
8799
2763
2767
6404
7978
7295
8299
3713
4465
5296
5297
9120
6009
3357
4387
3354
3352
6607
6708
8502
5218
7118
9424
7802
4799
8683
4805
3161
3626
8125
5616
2751
9333
6251
5854
4750
8925
7803
3840
6219
7369
4430
5984
4552
4551
9022
5341
6778
8480
8117
6268
3516
6227
7376
0156
3697
2870
5317
1646
6066
3243
5357
4023
4821
4096
5519
3402
5875
6398
7921
4451
9234
9787
5425
9686
4417
6927
6489
5228
5126
7103
2945
6792
7143
3144
5620
6508
4950
8295
4260
5796
6304
6302
6007
7232
5451
3351
3358
5331
6702
5178
2053
3395
3398
5217
5014
2671
3226
4909
1767
6412
3427
3988
7075
5485
4279
4278
3940
6213
4713
2773
5143
4155
2866
3499
7317
7127
7125
5644
7429
5805
4786
4781
8692
7169
4080
2644
2743
3739
7493
5543
6567
3651
8322
6621
8425
6320
6180
6879
3248
2838
9392
9302
7175
9016
4820
8107
9612
1537
5517
4482
0395
9413
6392
9208
0597
7389
0087
0080
3802
4016
8010
7582
7464
5597
7483
3681
3685
8781
4579
9198
7521
3382
7404
0159
7626
5127
5722
5723
3154
4726
4025
7590
6802
4327
7796
4596
7236
1738
6603
5177
5419
0255
5378
7713
9030
5139
5013
6184
6181
5655
7885
6298
0492
3889
7902
5382
9218
4160
6011
8338
8610
4514
9024
0695
5642
5645
3257
4391
5903
8830
5707
3992
0456
3056
8913
1653
6223
4707
9577
0030
8196
1637
4304
4309
6507
5313
5316
8469
6592
3801
8524
0194
8980
5350
3520
7170
2656
7852
7772
9410
6278
6391
3602
6224
7380
3044
7286
0184
0186
3440
3298
7821
7584
2734
4802
3783
3784
5242
2339
4377
9959
6542
5967
5877
9125
4021
8214
3562
6798
6382
3630
8793
2764
3432
8582
7555
9586
0179
8303
2851
6608
6706
5899
2059
6887
9965
7114
9713
8169
8577
5650
6919
6683
6786
5804
4804
3627
3426
3989
5798
7199
6177
5574
2641
3462
3468
4882
4885
8816
4235
3328
5989
6944
5204
3494
3493
2063
3533
3537
9896
4679
5703
3172
5853
7765
6467
4598
4859
7294
0196
4706
4893
7375
3337
7499
3910
4131
9095
6246
3586
3587
6871
9050
4606
2837
5356
7322
8102
6395
6242
0598
0089
0282
0969
7695
3297
4734
4018
7823
0144
7481
4333
3921
6030
9680
9390
6672
9196
5166
5763
5619
4293
6486
4533
8854
0875
8813
4693
3639
0091
8483
3433
4263
5457
4832
9924
8507
5172
7906
6493
5972
8864
7116
0684
9514
5618
8922
5090
4272
9214
6216
6577
6574
4888
4984
4119
7225
6132
6130
5440
6882
3804
5880
8612
6895
4355
4356
0983
2068
1736
6693
5245
3096
9233
4676
4815
3176
4181
3996
3738
7910
6255
4898
5782
3135
8423
7745
9789
6976
0896
4345
8622
9397
5910
8945
8003
2658
8476
6475
3147
7287
8242
1746
4258
3542
3447
9878
5985
0145
5596
9080
2338
2848
8198
4904
4297
5368
4536
5129
4657
4650
4495
6794
7145
8130
2760
8481
3675
3075
6145
8293
8292
6107
8407
9921
9712
0781
2973
6784
9484
5813
5816
0490
4667
8963
0579
5295
6174
8374
0047
3460
3844
9854
9131
7564
5444
4710
2732
2738
4317
5982
3805
5407
8455
8875
7135
5003
7998
4399
8797
9892
3994
4811
8930
3574
5386
4594
3417
9984
6261
4284
6874
4240
0157
5470
5998
4042
6025
3370
9945
6114
9286
4504
9681
5111
5031
7415
2754
2038
7011
3403
4686
0599
5559
8513
3444
9456
9879
5428
2845
4322
0036
8713
3081
8710
8719
7402
8859
7609
7604
9708
0793
2944
0382
0381
4699
6387
5527
3550
9322
6407
6248
4720
4722
3673
7813
0883
9584
9228
9222
4999
0178
8133
8313
5894
4166
6885
0680
6189
7696
2976
8685
3620
4902
4907
4193
2753
7805
0700
5571
9590
9592
4479
4434
3902
5867
5144
4154
7523
3365
4358
9976
9974
0982
8531
8879
8151
5345
6772
8831
8693
5042
3148
5509
5181
8918
6229
4006
5681
6125
8424
5993
8664
6663
9184
4605
6671
9610
0056
3702
8249
5553
4792
6635
9151
7301
7305
3274
7709
4655
5061
3236
9605
9508
6795
5865
5860
3159
2768
7355
8297
4460
9487
7855
7237
3356
2854
5330
5895
0135
0137
0133
0259
5216
5135
4623
4628
9420
7697
0782
6458
8826
0796
5614
2437
8923
8929
4033
3647
6812
9594
6218
5607
4435
4315
4880
3362
2861
9975
3498
3497
8776
7729
5907
8696
8119
2740
3572
6267
5183
4852
2660
3136
8275
6168
6421
3534
4892
4009
3655
5088
6127
4302
0931
7875
7219
3372
5319
3581
3585
6118
4509
6877
9186
6069
2072
9888
7611
8005
7012
4584
5196
6396
0660
3079
7281
8596
5799
3646
4614
6552
3781
3866
7303
4134
6963
9953
9290
4613
6129
6206
8717
3576
2963
5820
6285
6386
3158
5628
9585
6203
6545
4129
3532
9314
4032
5170
5778
2057
3665
9559
5979
8541
5134
0685
8832
7694
9515
7753
6295
2638
8128
8126
5530
3565
9255
6530
4844
7804
5572
9593
9403
9408
8410
3906
5983
5142
5409
3294
0888
8621
8113
8873
7620
7120
0693
0698
5240
5243
5801
4780
2642
2742
6522
4856
7501
8278
6164
5397
3459
6360
6367
3619
6324
9822
0386
7334
8722
7213
2872
0236
6721
6160
7132
4388
5237
9015
5714
9128
6273
4868
3603
0180
8395
8391
9317
6432
6235
6232
7698
0048
7825
2737
4332
8677
6117
6674
5320
5024
7504
7502
5962
7607
6925
9704
8756
7004
6445
0380
0584
3146
7931
0090
2766
8389
9790
8583
0054
5498
8294
4467
9485
6602
7674
2966
7513
7271
3260
0250
9963
6497
4540
5133
4621
6914
6916
2972
7756
5819
5812
0499
4666
0578
3167
5056
3622
2637
5615
8224
5536
9250
9676
5480
8376
8377
4980
7228
8330
3329
0132
6616
2867
0884
4351
7725
6770
8579
9895
8695
9245
4186
8795
5080
0975
4702
4307
4541
7533
7455
9287
6595
4604
8629
8984
6062
5968
7737
9883
9017
8007
5275
4581
0669
3540
3442
3361
7583
0769
5163
6156
9919
7306
5429
5427
9684
8193
7506
3272
5960
5128
8019
6924
3237
2847
5920
4694
8978
6384
8131
7814
4468
9481
9227
3057
9124
0177
6992
5336
4427
9165
8603
0134
6499
0996
4524
6915
5868
4793
6090
1761
5099
3664
0431
6171
8265
4239
8280
7663
4871
5748
2067
5641
7422
0268
4393
7726
5803
4671
8231
5548
6368
0976
1638
7214
5438
6866
9694
3371
9387
9284
9280
8529
4672
8983
5036
5034
9608
7255
0279
0278
9778
0869
9996
4683
4681
3707
7381
3041
3548
6431
7903
3829
8087
4015
7822
4457
9785
7204
5273
5161
6546
5824
0440
4659
8754
8173
8178
0794
3514
7498
7741
5268
4069
8977
7122
3156
3633
5627
6414
7319
5528
9324
6401
3971
3977
8581
7187
7819
6208
3795
3855
3038
0176
5897
7515
6645
2935
0999
5977
0683
2971
4662
8682
6811
4198
8492
6250
4014
5856
4840
0878
7072
9674
5385
9285
6804
5608
5443
6050
6896
2863
8459
9972
8870
8996
8775
4171
4782
4675
5702
3171
2744
8862
8234
9666
6424
6426
0977
7530
7454
7452
9282
7612
5950
3480
3833
0478
4607
8625
5033
2073
4648
7256
9345
9885
9019
4828
8009
5078
5675
2651
4684
3605
8243
4259
7581
6154
6159
6832
7487
4453
9913
6033
7203
3349
2840
5323
9223
2049
4517
7503
7246
8463
4658
8018
7101
5660
3714
4875
6389
0581
7393
7392
7994
9269
4721
8580
8099
4956
7552
2852
6701
8501
2052
7270
6955
6498
0992
5137
5017
7536
7750
0497
8681
8784
9633
8697
4813
6413
9474
3986
3981
9258
6256
4758
4273
9217
9134
6377
8709
9219
7946
6136
6134
5441
6619
3907
5980
3803
3845
4157
4308
7520
7466
8450
4637
3530
9422
4784
5706
5609
8794
3035
6520
8915
3613
3052
7134
6423
5396
3451
4992
8195
7496
7494
4442
7332
8720
7535
7451
6722
6875
2839
2835
2755
7619
5070
9356
6478
5271
6276
7385
4576
8517
0283
9277
6231
7692
6806
8208
7587
6632
0341
6313
9089
2951
3342
6675
6713
6920
5363
6485
8554
6197
3239
9362
4441
8132
2762
6406
4723
3893
3894
9868
5992
0052
3076
7597
4328
9823
6845
9796
6842
4428
9929
7279
6881
3397
7728
5379
9550
8868
7632
8741
8160
6515
6783
8964
5058
4270
6532
7195
6773
3066
4470
2649
3946
4715
9852
7020
4982
5697
6807
4318
9930
5981
3807
7666
5883
5146
5147
8975
7715
6380
0984
9522
3848
7124
5749
6697
5347
3418
3771
8111
2749
5849
3732
4858
8364
7130
4051
6564
4897
4977
4436
9145
6322
0432
9098
3694
4145
9692
2871
6665
4409
3582
6003
5035
7433
8766
9575
4382
6766
8566
5831
4825
4099
8172
2956
5352
9415
6240
5552
8392
5794
4013
6155
4335
9230
9231
6657
6652
9150
4056
8674
3152
9682
8315
6965
9954
9298
4175
9130
5164
8715
4196
7831
4294
0247
5361
6582
6586
9825
3750
2661
6198
7401
2940
4765
8976
6620
0679
8255
8253
3557
3554
6503
3892
4267
4463
0379
3039
6995
8509
7671
7109
5173
7862
6883
0257
2934
4526
8865
4624
9378
7754
5259
4668
3769
4807
2759
8499
6252
3884
3882
5026
0063
4476
3942
6215
6579
4717
6370
4983
7849
0168
4716
6615
6334
4353
8872
9894
0877
5709
5049
9527
5840
4597
5398
9841
4979
5471
6824
3336
5999
3871
5157
4043
3374
9389
6662
6720
8882
9180
6065
5756
8148
5351
3895
5913
5832
4645
4822
8006
7010
8478
8207
6270
5197
3706
3609
4921
4920
0185
8390
8393
4257
8516
3968
6239
8086
3641
2739
0142
6637
4331
9914
3869
9156
8679
4136
3341
3346
8780
9482
8514
8515
4178
4179
8714
7702
5961
4530
5476
5823
4656
5069
8179
7005
6440
5265
6383
0582
8254
8381
3555
9320
0297
6403
3430
0050
0057
6254
3071
3074
7108
7853
7858
6998
6109
4386
4426
3267
5371
2939
8542
8867
9371
7752
7154
7035
8222
6253
3725
3885
4849
4944
6170
3465
6573
4886
6373
7363
6808
7229
5448
5442
9626
6876
6659
9973
8874
7621
0697
5348
9567
4398
5902
6779
9426
5807
3770
4818
0567
5046
7021
9624
3573
8263
3139
8252
5081
8369
4055
3453
6568
4705
9845
0038
7497
4443
4449
6323
5238
4048
7870
5435
9693
3584
8465
9944
3097
8143
7254
8563
8845
4642
8109
6473
0397
7013
5636
9656
3541
9319
9453
4794
0040
0043
0045
9236
4548
3865
3680
7302
7540
7545
9683
8479
7642
8631
5028
4194
0245
5367
7603
3879
9607
8970
6625
9264
3429
4024
3475
6207
9127
6909
4995
7316
7421
4367
4363
9920
3538
7672
9163
8607
4165
3261
6958
5370
9968
8547
4626
5731
9714
5016
0681
6685
7551
6450
9431
4798
4669
8965
5057
7033
5537
3561
6415
3982
3720
8924
7807
9278
8375
4276
4275
3944
9133
6217
8415
8414
5549
7261
6375
6898
7463
0881
6658
9970
0980
7146
8999
2062
9793
5141
5344
2967
5904
5244
9428
5043
5603
4851
3138
7919
0076
7574
4383
0155
7155
8323
6626
4448
6328
8665
4148
7453
9384
9281
7614
6614
0477
8623
5750
6930
7418
5915
8841
9884
4026
2657
7328
4378
3509
2957
4867
4159
7387
4572
9315
3448
1639
5461
9917
8319
3593
4174
5165
4619
7507
7245
5360
4771
8852
5821
8014
5068
9027
7746
0882
0173
5861
3719
6243
6247
6750
3897
9867
9256
6141
3470
9126
7315
7235
4361
4362
5776
7472
0256
6648
0997
4529
8745
8743
4955
6897
0575
8493
3985
6533
5850
5670
7167
3887
7198
2948
7074
3064
6819
6814
4960
6572
6570
4883
8702
0166
6133
5447
4559
5881
8078
7267
7262
3364
8114
5942
0979
7128
0674
9565
5908
6774
9423
9464
4816
8238
7761
9242
4744
8914
2758
3616
8276
8270
8360
4052
9843
8324
0151
8427
7215
5439
4340
3839
7657
0479
8982
7136
6068
9018
6330
3249
6408
4385
5833
3740
4824
4370
2958
3950
5872
0596
3608
0081
8396
4795
6559
2860
6150
4330
5780
9152
6873
2841
4419
3826
4615
2964
7323
5726
5064
3708
2941
7743
5924
6799
0677
4760
3716
8972
4876
3558
9325
3437
9262
4729
4727
6347
4952
7592
8856
3476
3933
3932
3503
6309
6308
4060
4996
3037
0175
4366
9925
4162
7514
6495
4527
6186
5651
3229
7431
9433
3629
8698
3563
6419
4756
5708
9489
9486
2947
0066
5381
3849
9853
6015
6135
6855
4237
4439
3905
6151
4695
2865
8457
8456
4352
9971
8533
8653
8774
7427
2962
5909
9862
6771
8573
8578
4819
4070
4595
5846
3735
5083
7915
3053
7417
8098
6422
6220
3658
4109
5473
7742
6327
5158
4045
7876
9690
0232
5955
6596
8526
7655
9181
5038
5540
6933
0270
9572
2752
7739
9014
4095
5072
7019
4376
9532
9416
6271
4777
4865
8733
7923
9652
0181
3549
9454
6516
0042
3924
3782
3780
7307
4138
7868
7208
9480
7644
7648
9997
6126
5767
7247
7243
6524
4531
6580
5728
5661
3517
2949
5260
8572
0580
0092
9323
0263
3438
6244
9866
7182
7186
3671
3073
3048
6140
9581
6540
3799
3726
3722
4803
9142
4997
4993
6326
7231
2859
4249
4369
3814
3819
7675
7720
8544
5138
5730
5732
0780
7432
3527
2970
6297
5818
5814
8967
3628
9385
3428
4757
4842
3065
9679
8268
8269
4881
8654
0138
9622
4431
4558
3956
5148
6341
8620
4518
8532
7627
7942
5740
8777
5346
8576
8838
8134
5045
8115
9520
7764
4743
5185
4930
7298
8273
8380
6428
4337
4704
9844
4972
7371
3724
8320
3916
4549
8666
7331
4146
9386
3483
8041
8142
7252
7258
6932
2836
5358
9576
7618
4644
5073
2955
6470
9419
4773
5194
5638
4254
9318
9316
9275
3640
9421
6830
7480
9232
6554
6557
3862
9782
4135
7202
7207
6967
5328
4418
3597
3471
6710
5764
7241
6754
4534
4654
8751
7006
8218
3513
5927
5261
6287
5864
3717
7144
8798
0096
8135
4303
4951
9483
0377
9129
0170
8399
2853
2857
8613
3816
9166
5179
5772
7518
7473
6647
5375
7719
0994
0454
8024
5733
8161
3238
9377
3766
0576
9331
9330
3880
7073
8267
8262
6793
6214
3842
6378
6374
8656
7566
7568
6854
4438
9813
7662
6732
8652
4636
5741
7993
5649
5648
4392
2960
6777
8571
9893
5809
9623
7768
4749
4932
4854
4248
0037
6121
6822
4616
7534
0233
9949
8271
8141
5918
4823
5077
5075
7975
0555
3338
0396
9414
6394
7759
6534
7524
9272
9273
6355
6631
9154
7543
3348
5325
3594
9155
5029
5027
7508
0240
6757
3755
8013
5724
3518
0876
7142
6531
7933
3634
8796
0094
9327
4028
0059
7553
6146
8298
9226
5827
4127
0262
6709
9169
9164
5770
7519
7815
5376
5372
2936
5975
5974
8861
0455
4629
6457
4783
3767
7158
3163
6099
3778
7168
7197
4035
0879
3667
0064
0060
7969
7809
4719
9850
7408
7366
6019
7220
6850
3908
4553
9819
6945
6803
5209
8779
7935
4394
7396
8954
8670
7760
9463
8916
5085
3058
9668
7296
4241
9308
0150
0158
3951
6228
6561
4703
0779
6128
8327
8428
3439
9144
7335
7539
7218
5952
8145
8147
7257
6934
5359
7730
6597
3747
5076
3508
4779
8739
4927
7386
8247
7260
5558
4709
6514
6517
8089
3642
0041
4261
9237
6558
6314
3153
9781
2843
3596
3598
8475
4375
4173
3828
7641
4617
6547
0244
8551
6581
8016
5668
0797
7748
0483
8979
4447
0095
6080
3556
8932
8933
7976
0058
0051
7556
9580
6202
3852
9829
4066
9792
4652
0172
0174
6847
5338
9928
9927
8508
3531
9070
8609
8602
6880
6643
5373
9551
5971
3966
8742
8164
8168
9370
9373
9435
9542
8680
7153
8129
3564
3568
8496
9478
4752
4841
9675
9677
9670
6173
8372
8378
5928
4167
4718
8232
7368
7362
6018
4319
7665
9176
9172
8075
7324
6650
9297
4519
8159
8152
5640
5343
4913
6775
9425
9427
6085
3774
8116
7022
7025
8237
8429
5087
8277
7959
3653
4975
7379
5086
8194
7572
7735
5996
0356
5736
4047
8725
8464
0733
8527
4609
3899
7139
5752
8140
3903
4381
9882
9881
6594
9774
9531
2954
5933
4471
3607
4922
8248
8240
6433
3969
9274
7693
6518
7645
8655
0149
9238
9689
8317
2849
8471
4571
9040
4618
8051
4176
9546
6825
5663
8215
6796
5866
9644
9641
9642
8498
6241
9863
6344
7818
6149
3794
9824
3729
7558
8408
4360
9078
5093
6044
4164
0136
6950
6952
6642
2938
2937
7633
8027
9519
5932
9432
9430
7151
0645
8127
7031
5539
3560
9477
8926
3063
3068
3841
6014
6016
8331
0139
4557
4763
9179
9170
9137
7529
0468
7131
5753
3259
9561
8834
7045
4088
2746
0856
6461
3617
9664
4714
8417
3976
9809
9146
4046
8662
8727
7872
3583
8468
4342
9185
5834
6067
7253
0277
0551
5079
9613
7758
4953
9530
9355
2953
5873
4778
4864
6222
0085
8241
6353
4019
3648
5997
4894
9045
2735
6152
6634
3920
9239
9832
9158
4053
9780
9784
8453
5329
4371
3827
5167
4172
6758
3796
3751
3754
5067
5066
8174
3519
0871
2943
8971
4879
3632
0097
7043
3552
4725
7599
7598
7596
6143
6144
3797
3793
9795
9794
6848
9923
8608
6954
6496
0458
8026
8747
6917
3523
9517
4732
7159
0573
7030
7032
9639
8229
8955
6418
7196
7076
3067
3463
6571
6372
0165
6617
9932
9935
8077
8454
4827
4631
4639
8030
7133
8154
8153
3635
3775
3779
3995
8953
4326
9625
2741
7762
5844
4857
5720
8946
8279
8363
9309
6563
4976
7570
0154
6820
3919
9448
3875
9140
6024
4149
8724
5318
6727
9816
3830
4608
5037
8760
7251
6349
0275
8619
3528
4640
5715
4098
7014
9619
7859
2959
3149
7925
7928
4923
7526
3049
4708
3449
0966
6238
6237
0049
6354
6350
4965
7345
0146
6833
8355
6639
3683
6964
4379
9951
9197
9044
8050
5761
7176
7240
9543
4538
7003
4633
8021
4895
6385
8258
7397
7922
9326
6509
4728
3676
0631
4959
0354
0053
8974
4543
5795
3850
9820
6008
0171
3544
4429
5175
5174
8065
5774
4163
9555
5970
6745
7631
7636
9032
0536
5019
5817
4809
9752
4903
9440
5617
7908
4473
9851
9132
0161
0167
9178
9175
5149
8616
7327
4153
8451
9721
7996
7995
8155
7162
9763
9765
9768
0654
2640
6813
7763
5843
5082
4931
9662
9661
7297
9209
3657
6628
8729
7613
3831
8628
8627
8981
9869
7419
4380
5914
6764
8842
7615
5717
7018
7017
3709
7050
6717
3543
6236
6513
4736
7344
7820
0141
6153
8351
4459
4458
9235
7309
6960
6719
7647
6209
5765
5760
4296
6526
6481
3878
3858
5922
4918
7398
0093
3559
0932
6342
0633
6147
8309
6004
6005
8308
4365
3539
3818
9162
0254
6641
8442
7716
0965
8166
3529
6451
6296
3765
0577
0571
9754
6417
9259
4759
8927
8928
3661
9136
6371
6013
7565
0162
6858
8336
9939
9065
7265
6731
0467
0265
4674
3772
4814
7165
4086
6529
9467
7413
7416
4058
8678
4973
0771
4446
0352
9148
9147
6023
8728
7871
6865
6862
0235
4341
6723
3837
7652
0476
9055
8626
8047
7138
8149
6937
6935
6939
7731
8849
5830
5719
5718
9614
8209
2952
6471
9417
5871
4924
0083
3042
3047
3960
8597
6359
7090
7461
6638
8430
9916
4137
7209
3347
8632
0778
8858
3853
4651
5725
5065
8171
8175
9363
2946
5921
4762
9544
4877
7148
3638
8138
9645
8382
0832
3975
8936
8931
4537
4957
7354
7356
7541
7834
7850
7594
4461
3472
3854
7239
8409
6048
5771
5062
7470
8447
5973
8543
8863
8860
0457
0451
9031
5735
8744
8165
7437
4735
8962
6815
4906
0945
9251
6259
5851
4755
5047
6818
9135
7361
7567
4437
6337
6051
7528
3367
6653
8651
8033
8032
8853
0264
0563
0561
9764
5048
6460
9469
9248
3730
4855
6429
5395
3954
7957
7950
8197
7830
7832
0435
4049
6867
9382
6660
6725
6724
0475
8567
8564
8561
5839
6056
6472
4863
7927
7920
4925
7051
5637
6434
3446
7966
7968
6943
3922
3860
3867
9834
9159
6317
4059
9783
4139
8316
6962
7442
3820
6548
6525
0242
4770
7608
3759
6823
6829
0546
5063
8755
8170
8176
6381
7395
5743
8257
3914
3918
3978
6249
7353
6142
8342
8344
4754
9828
6844
8245
6840
3813
5176
9553
5978
8753
9034
5018
8162
8575
0572
9755
3623
9337
9475
9252
3728
4942
6175
8373
5926
3464
3941
4981
0741
4238
9934
4768
9814
7653
8614
6949
7468
4359
6739
0466
7129
6064
0266
9560
9563
4396
4397
9620
9523
9244
5842
4745
4853
5089
7914
6165
3958
6361
7836
8418
0355
4542
8726
7538
6863
4347
9183
8044
8045
8046
9171
6063
3953
6931
7443
0276
9578
8846
5835
9534
4772
3703
0566
9450
3967
4963
8435
3925
3929
8017
0340
6550
6651
7444
7446
6714
6929
0243
5365
9545
0152
7320
8550
8857
3756
5729
8750
5925
5923
4766
4916
2761
8256
9727
8938
7351
7089
8296
9582
3877
8640
3723
4998
7313
6609
4836
3817
9568
5773
6646
9962
8546
0532
3062
9379
9376
5937
5815
8961
4908
9335
6416
6257
4751
5098
4945
0067
0065
0062
6042
4274
3945
6138
5449
6852
8416
3909
4872
7460
4354
6733
7140
8530
8536
4635
5744
5745
5746
8772
8770
8157
0260
4395
8950
4817
7163
7166
7024
7840
9628
8236
9249
9247
5848
5091
7918
4936
6167
0971
0974
7951
0775
0358
3870
9141
9097
8663
0039
7450
8461
3834
6938
0271
5916
3744
8942
0554
9777
9617
9655
8244
6435
9459
9271
6519
4966
6158
8357
8434
6555
3864
6315
6318
8053
8671
7441
8474
9952
5940
7537
6072
5762
4170
7244
7242
6753
4775
8552
8553
9026
7008
9509
4767
0676
4910
0833
6755
8934
3674
3072
9583
9827
4063
4067
7318
7428
9077
4627
5095
6043
8708
7516
6959
9964
6743
6742
0452
9033
9035
4620
8025
5737
8163
5934
9436
8968
7156
6093
9636
8951
0844
0845
9476
9254
5857
3727
0873
5092
4947
4271
7407
8657
7844
8334
8413
4314
9931
6332
8071
8731
5941
6735
4634
9722
8773
8156
4339
9566
8235
9528
9525
9342
5845
7060
8274
9842
4978
7835
6821
5994
3876
7330
7216
4346
9942
0474
0472
9864
5751
5754
9732
9734
8763
8144
8562
8941
9771
9539
9353
4866
4929
5631
6560
6437
6430
3441
3963
0963
6357
3649
7347
0140
9831
9157
4796
7863
7544
4329
6077
6480
3758
8759
9364
6441
6448
8997
7141
8251
8259
6827
0836
9447
9445
9261
9265
6346
7971
7088
8347
3798
3856
3857
8139
8644
0756
7230
6849
9562
9167
9161
8064
8060
6045
6951
0252
6747
6741
6749
0450
5734
7009
9375
5931
5930
4665
4660
9757
0640
9332
9473
6339
4846
4085
6817
3461
3943
3947
3948
0360
6379
7023
7365
7560
0745
0163
6137
8332
7668
7661
6335
6059
6941
7462
5944
9029
9724
5340
5349
8574
8233
0854
9344
4742
3059
6427
9573
4970
7573
3917
7554
6029
6026
8840
5958
9817
6333
6338
8764
0274
9574
5919
8843
7616
3748
7329
7352
9350
6476
3955
7053
9246
9279
6148
6356
4017
7964
4264
3923
0349
3861
3682
6032
7370
4374
9957
9956
3937
7646
8718
5828
9826
4830
0543
6442
4698
3718
7040
9329
9266
3896
6809
6544
0753
9168
6046
0253
8445
7630
7034
3980
7161
4940
7078
7740
6172
8371
3949
6376
9409
8650
3952
3809
6331
9857
8618
8734
6940
5949
9726
8158
7364
7930
0267
9736
0564
0859
5841
9240
3734
8333
9848
7308
7736
8661
6028
4147
9383
0238
3835
7259
6340
6343
9579
8615
4090
0864
0862
0956
8397
3962
9270
8598
6358
3643
4967
7340
7828
8359
8354
9915
9833
3659
6716
4730
8052
6078
9548
6751
0442
3757
8757
4027
9541
7932
4915
8137
5965
9268
8091
0632
7816
3931
3930
0372
6549
3859
4062
4065
8647
6997
4368
0337
8069
8067
6957
8440
8443
7634
8167
7435
3761
7150
0574
6095
5538
9479
4847
4034
7909
4948
6176
8260
3847
9138
8659
7949
7360
7561
6857
8337
6618
0148
7527
9028
4632
2961
9468
8952
9769
7847
9263
9524
9526
4740
3731
6936
7916
4933
8365
7952
7839
6828
3973
9143
7067
0958
6864
9380
0237
4348
5954
5956
7651
0471
0473
8768
0272
4384
7738
8560
8847
5071
4373
9615
9533
0866
9357
8735
0663
4928
7054
3043
0960
7960
7341
7095
0765
0767
8356
8437
4336
3928
9918
6551
9082
8672
6038
6031
7953
7542
9958
9950
3935
8518
9043
9041
6079
6928
0241
0441
4861
6397
0870
9369
6444
6443
7149
3631
0675
6081
9647
0835
7974
0359
5497
8348
8341
8345
3938
6307
8641
9160
4036
4039
5097
6649
6744
8549
8545
0453
5738
0535
7436
5936
3762
7157
9334
9336
9470
3983
6538
6539
4843
9366
5094
3668
8261
8556
9858
4078
6017
7841
7562
0742
6859
8339
9069
8070
8737
6947
8452
5946
6736
7624
0463
4630
8957
7164
9762
9761
9343
7917
9328
3957
8676
7372
4833
7837
0776
0436
9096
6861
0239
4349
9943
9940
5957
9051
9570
6763
3749
8940
8949
7015
9418
9518
7924
7056
4574
3046
8398
0967
4797
4961
7346
7096
7091
6835
6553
9830
9086
6037
6034
8059
8716
0248
0249
9540
4535
8555
8851
4838
0874
6447
9741
7394
4874
9720
8097
7359
8346
8649
0338
5096
8441
5976
0459
9429
0533
9717
9715
9372
7751
6459
3763
8960
9750
5059
6091
7038
6536
4845
9673
3843
4075
0365
7563
7660
9174
4746
9855
8617
8079
8074
6055
4072
8031
5742
9729
8446
3776
8958
0562
9766
0651
6528
9462
9243
9665
4338
3959
0973
8325
6629
3913
3872
8667
8528
7659
9730
5039
5716
0556
9770
9776
0865
6715
9650
3965
0964
4733
9847
7965
4968
7343
0766
6831
0347
0344
8057
4057
8673
8473
7640
8054
0444
0446
4839
4831
8015
0872
9360
5929
7934
0671
4919
6084
9643
0953
8096
7350
7081
7086
8343
6537
8370
0374
6843
5339
9926
0332
9073
8066
8062
6640
4946
3964
7638
9037
8028
5739
7438
5939
9756
9758
7037
0843
9472
0949
4753
3061
9671
0363
3846
4071
9139
2862
8871
7628
0972
9728
8771
3997
7046
7160
4084
8239
9466
7062
0735
8366
7955
0773
9718
8326
6329
7336
0954
9381
3832
9056
9057
7028
6961
0273
5917
8565
4097
4737
4739
6351
0046
0768
6836
6316
9085
4054
6035
8635
8058
0373
3273
8093
9609
6449
9746
9742
0672
6088
7042
9640
3970
0933
6348
8092
7085
0378
0375
0541
9149
7314
0754
0755
7238
0434
4364
7670
6049
9967
8758
8540
0538
8746
8835
7430
9374
5935
8966
9471
0942
6535
0061
6576
7843
0747
8419
9938
5945
7947
4083
0560
0656
4076
6139
7635
5084
0970
4974
0774
8329
3915
9443
3874
6759
7339
6027
8497
8467
9946
6729
0470
8761
5836
8944
0557
9775
0636
9535
9351
7929
7055
9458
9452
0968
4731
8630
0342
7958
3823
7643
8636
6075
4837
5727
8752
4061
8973
4870
9745
0834
3972
4539
9257
7817
0371
0335
7517
0251
8444
7637
9465
9438
7152
0644
0643
9635
9367
9947
0364
0366
7367
6058
6054
8736
8535
9725
8839
4089
0568
9767
9461
9849
7548
7457
5951
6728
9054
8040
9735
8146
6765
8458
9773
0082
9651
7967
7349
0760
8431
8436
0868
6718
8634
7249
3752
0464
2942
4761
4697
4873
9744
9740
7937
4917
6089
6086
6409
0955
9260
8937
7052
7973
7083
7857
7851
4834
9564
6041
0858
6953
9558
6746
6740
9451
6097
0841
0842
9253
6816
0368
8658
0749
0164
9815
7963
6948
5948
6734
6738
4638
0857
8035
9723
9569
0657
4938
7064
9667
8361
4971
0350
0353
3873
0437
7338
7658
9738
9063
6762
4093
0558
0559
9772
5074
4094
4860
0086
9659
6438
3961
0764
9046
8350
8353
8438
0346
9835
9081
6039
6036
5947
9042
8639
8056
0376
6926
7409
6756
9267
4029
4958
7357
8559
4068
3868
0757
0752
8036
9075
8068
9557
9039
8029
9716
3760
9860
3881
4941
4943
0653
0367
4074
7848
6856
9818
8072
6053
0460
8039
0261
8570
0652
9629
9621
9627
3736
7069
0732
0739
8328
0959
7549
7459
8460
8767
4641
3741
4092
7016
9618
4776
4926
7059
0962
9276
4962
0761
0762
6834
2842
3898
6074
7509
0449
0545
0540
4914
0951
9861
8094
0639
3851
0336
9071
6956
9552
7434
3768
7039
9634
0846
0944
7842
6851
9062
8730
6730
7629
0461
8836
9760
0655
7026
0748
4741
4934
4937
4939
7066
8362
8368
0772
6826
9719
4935
0439
9948
3836
9733
9739
8943
7358
0860
0662
0665
9657
7342
6946
7099
0348
9837
9153
7440
4372
9048
7248
6752
6083
4064
8136
7049
8935
8648
0750
4037
9079
8063
9556
8449
7639
0537
8740
0570
9638
0946
7961
7940
7943
9936
6737
4073
0465
8034
0673
0658
9347
7065
7061
9941
9053
8042
9571
8568
8948
9538
9536
0867
9359
0084
7097
7092
8358
3926
0343
9759
6094
8638
0462
9365
9361
9547
3979
4724
7087
8340
4835
0544
0548
9554
6748
9434
4661
0642
6562
7079
0361
0740
7972
4087
9460
3998
6527
7954
7838
7571
0935
0433
8660
8043
8939
3743
0861
6436
7962
7094
7098
9838
9047
8557
0445
7936
9354
9444
0950
7970
0635
0370
6841
8645
0758
9076
8061
6047
9960
0646
0649
0849
0362
7846
9067
6838
6057
8538
8534
0855
9340
8037
0659
9346
0937
6860
9059
8049
4643
4091
0553
3670
9616
9352
8738
9439
0664
6439
4738
6837
6839
8352
9839
6076
6071
7044
7041
7084
0751
4038
9036
8837
9437
7036
8959
0847
9338
7944
9061
8076
8539
0851
7939
7027
0738
6726
8643
8095
7617
5838
0961
7093
9049
9084
9083
7449
9709
9368
7945
0840
9743
9442
4954
9038
8748
5938
0948
0947
4082
0068
9672
7941
0743
0763
9064
9068
0565
7029
9348
9349
7063
9058
9052
8048
0638
0863
5870
0668
3863
9836
7547
9747
0670
7047
7048
8349
3936
8646
6846
0647
6098
6092
9637
4081
8073
6052
0850
9840
7956
0936
7439
6761
8947
4829
0661
7057
8470
8637
9549
9749
6082
9441
0957
0634
0443
9751
6853
8335
9937
8537
8038
9529
0853
0438
6760
0667
4964
6319
0641
9748
0837
9446
3974
8548
6096
0941
0534
9341
0736
8367
9737
0552
0637
7649
0547
7938
9648
0952
0759
9074
9961
0539
8749
7348
4079
0938
7068
5837
9537
3753
6087
9646
0934
0334
9859
0744
9066
5943
0734
9358
0839
0549
3934
0339
7948
0650
9846
0448
0447
0542
9649
0648
0940
0943
7082
9457
4764
0848
7559
9241
9072
6073
8439
0746
0939
0737
7058
0838
